Edge : Weight

(1.791601,-0.232715) -> (1.80933,-0.209192) : 0.029455881755601963
(1.80933,-0.209192) -> (1.772713,-0.178397) : 0.047844923596971164 
(1.772713,-0.178397) -> (1.767937,-0.174601) : 0.006100802570154103
(1.767937,-0.174601) -> (1.750606,-0.15192) : 0.028544549777496927 
(1.750606,-0.15192) -> (1.743547,-0.156743) : 0.008549316346936873 
(1.750606,-0.15192) -> (1.764874,-0.136656) : 0.020894150377557794 
(1.764874,-0.136656) -> (1.77946,-0.142854) : 0.01584823649495425  
(1.743547,-0.156743) -> (1.714678,-0.184941) : 0.04035525201259437 
(1.714678,-0.184941) -> (1.691031,-0.19115) : 0.02444856417051927  
(1.691031,-0.19115) -> (1.674048,-0.171484) : 0.02598410754672938
(1.674048,-0.171484) -> (1.662827,-0.156303) : 0.018877860101187274
(1.662827,-0.156303) -> (1.627477,-0.187019) : 0.046830493868845746
(1.627477,-0.187019) -> (1.6131,-0.150216) : 0.03951150386912655
(1.791601,-0.232715) -> (1.74046,-0.235707) : 0.05122844859060258
(1.764874,-0.136656) -> (1.762774,-0.083138) : 0.05355918524398966
(1.762774,-0.083138) -> (1.802764,-0.058505) : 0.046967912333847645
(1.802764,-0.058505) -> (1.838956,-0.082654) : 0.043509022799874515
(1.838956,-0.082654) -> (1.845551,-0.136347) : 0.0540965088892065
(1.845551,-0.136347) -> (1.833193,-0.159062) : 0.025859067829293408
(1.845551,-0.136347) -> (1.875937,-0.133308) : 0.030537591866419352
(1.875937,-0.133308) -> (1.905993,-0.156002) : 0.037661396309749386
(1.662827,-0.156303) -> (1.698899,-0.111714) : 0.057353013042036355
(1.698899,-0.111714) -> (1.70584,-0.100538) : 0.013156004598661442
(1.6131,-0.150216) -> (1.552861,-0.160973) : 0.061191912619234186
(1.74046,-0.235707) -> (1.726889,-0.302399) : 0.06805876067781426
(1.726889,-0.302399) -> (1.696751,-0.289192) : 0.03290477006453622
(1.696751,-0.289192) -> (1.68719,-0.292142) : 0.01000575939147043
(1.68719,-0.292142) -> (1.670476,-0.272585) : 0.025726135446273234
(1.68719,-0.292142) -> (1.672386,-0.334045) : 0.04444119513469455
(1.672386,-0.334045) -> (1.64346,-0.317541) : 0.033303085322534294
(1.64346,-0.317541) -> (1.566348,-0.299458) : 0.07920388521404728
(1.566348,-0.299458) -> (1.553817,-0.25254) : 0.04856258523802046
(1.553817,-0.25254) -> (1.504494,-0.255745) : 0.049427020484751054
(1.504494,-0.255745) -> (1.463428,-0.280939) : 0.0481783560533151
(1.463428,-0.280939) -> (1.442619,-0.254901) : 0.03333154549372102
(1.463428,-0.280939) -> (1.452566,-0.330738) : 0.05096982877153892
(1.452566,-0.330738) -> (1.452693,-0.356088) : 0.025350318124236663
(1.452693,-0.356088) -> (1.467454,-0.364429) : 0.016954627745839793
(1.452566,-0.330738) -> (1.413777,-0.317036) : 0.04113795479845828
(1.413777,-0.317036) -> (1.400039,-0.327729) : 0.017408988856335135
(1.400039,-0.327729) -> (1.388295,-0.350581) : 0.02569310101953438
(1.388295,-0.350581) -> (1.370979,-0.379131) : 0.03339081244893578
(1.370979,-0.379131) -> (1.375995,-0.387495) : 0.009752781757016868
(1.370979,-0.379131) -> (1.344612,-0.380353) : 0.02639530210094216
(1.400039,-0.327729) -> (1.363193,-0.310067) : 0.04086042045794433
(1.363193,-0.310067) -> (1.321273,-0.333136) : 0.04784835588607006
(1.321273,-0.333136) -> (1.304835,-0.338075) : 0.017163961226942883
(1.304835,-0.338075) -> (1.255764,-0.321081) : 0.051930329066933394
(1.375995,-0.387495) -> (1.384908,-0.439556) : 0.052818455960014596
(1.384908,-0.439556) -> (1.388039,-0.45489) : 0.01565039031462156
(1.384908,-0.439556) -> (1.369682,-0.446498) : 0.01673387104049744
(1.388039,-0.45489) -> (1.406736,-0.471659) : 0.025115277621400044
(1.344612,-0.380353) -> (1.305581,-0.42411) : 0.058635262513269136
(1.305581,-0.42411) -> (1.308513,-0.427822) : 0.004730282021190657
(1.308513,-0.427822) -> (1.298338,-0.44943) : 0.023883808092513253
(1.298338,-0.44943) -> (1.316744,-0.471954) : 0.029087994293178702
(1.406736,-0.471659) -> (1.459002,-0.440659) : 0.06076787602014728
(1.459002,-0.440659) -> (1.478924,-0.475871) : 0.04045702692981774
(1.467454,-0.364429) -> (1.526108,-0.393883) : 0.06563405999936311
(1.526108,-0.393883) -> (1.5279,-0.411361) : 0.017569625721682285
(1.5279,-0.411361) -> (1.534411,-0.421303) : 0.011884295730080065
(1.5279,-0.411361) -> (1.550314,-0.400957) : 0.024710941139503298
(1.534411,-0.421303) -> (1.583593,-0.454251) : 0.05919830933396669
(1.583593,-0.454251) -> (1.612051,-0.443681) : 0.03035758000895317
(1.406736,-0.471659) -> (1.389282,-0.550723) : 0.0809676368186697
(1.389282,-0.550723) -> (1.451352,-0.566233) : 0.06397847294207645
(1.298338,-0.44943) -> (1.219084,-0.416951) : 0.08565093085892288
(1.219084,-0.416951) -> (1.187165,-0.384014) : 0.045865766427696394
(1.187165,-0.384014) -> (1.168443,-0.327639) : 0.0594024739299636
(1.168443,-0.327639) -> (1.109202,-0.345203) : 0.061789887336035694
(1.109202,-0.345203) -> (1.086829,-0.351451) : 0.023229047182353378
(1.086829,-0.351451) -> (1.097065,-0.382608) : 0.032795340294011245
(1.097065,-0.382608) -> (1.118947,-0.434665) : 0.056469046149195755
(1.118947,-0.434665) -> (1.116894,-0.473125) : 0.038514755730758556
(1.116894,-0.473125) -> (1.092514,-0.473588) : 0.024384396014664855
(1.116894,-0.473125) -> (1.144269,-0.476669) : 0.027603451976156823
(1.144269,-0.476669) -> (1.162092,-0.473672) : 0.018073221572259813
(1.162092,-0.473672) -> (1.164699,-0.476945) : 0.004184373071321474
(1.164699,-0.476945) -> (1.175029,-0.492529) : 0.018696789991867673
(1.175029,-0.492529) -> (1.188252,-0.480303) : 0.018008964573234074
(1.092514,-0.473588) -> (1.063419,-0.496128) : 0.03680449191335217
(1.063419,-0.496128) -> (1.053429,-0.493118) : 0.010433609155033503
(1.053429,-0.493118) -> (1.037495,-0.474585) : 0.024441040178355695
(1.037495,-0.474585) -> (1.027429,-0.463901) : 0.014678971762354541
(1.037495,-0.474585) -> (1.014083,-0.499545) : 0.03422167944446913
(1.014083,-0.499545) -> (0.9863,-0.529365) : 0.04075693179080098
(0.9863,-0.529365) -> (0.954448,-0.507595) : 0.038580860591749346
(0.954448,-0.507595) -> (0.918172,-0.484734) : 0.04287859019370855
(0.918172,-0.484734) -> (0.927964,-0.465195) : 0.021855337677556014
(0.927964,-0.465195) -> (0.930787,-0.461409) : 0.004722618447429371
(0.930787,-0.461409) -> (0.920786,-0.441278) : 0.022478370981901717
(0.920786,-0.441278) -> (0.915372,-0.440183) : 0.0055236239010273275
(0.915372,-0.440183) -> (0.901916,-0.439845) : 0.01346024442571522
(0.901916,-0.439845) -> (0.878657,-0.434822) : 0.02379520140700644
(1.188252,-0.480303) -> (1.22364,-0.512314) : 0.047718074824954985
(1.22364,-0.512314) -> (1.248891,-0.547739) : 0.043503374880576685
(1.248891,-0.547739) -> (1.257335,-0.554203) : 0.010634116418396138
(1.257335,-0.554203) -> (1.260921,-0.560883) : 0.007581675012818692
(0.920786,-0.441278) -> (0.954478,-0.40588) : 0.04886889878030814
(1.260921,-0.560883) -> (1.288355,-0.603587) : 0.050756831776618945
(0.878657,-0.434822) -> (0.866195,-0.385134) : 0.051226934204576406
(0.866195,-0.385134) -> (0.824192,-0.394245) : 0.04297978978543289
(1.175029,-0.492529) -> (1.151373,-0.539225) : 0.052346181828286216
(1.151373,-0.539225) -> (1.099788,-0.57772) : 0.06436518663066242
(1.097065,-0.382608) -> (1.030391,-0.391056) : 0.06720707537157071
(0.918172,-0.484734) -> (0.858812,-0.522606) : 0.07041234255441298
(0.858812,-0.522606) -> (0.841563,-0.50932) : 0.02177259279461229
(0.841563,-0.50932) -> (0.793372,-0.53967) : 0.056951689887131514
(0.793372,-0.53967) -> (0.759042,-0.531708) : 0.035241202363143036
(0.759042,-0.531708) -> (0.729599,-0.576685) : 0.0537570532860573
(0.841563,-0.50932) -> (0.801969,-0.467562) : 0.05754489899200444
(0.801969,-0.467562) -> (0.766653,-0.448604) : 0.04008273468714429
(0.766653,-0.448604) -> (0.738017,-0.458299) : 0.030232656532299635
(0.738017,-0.458299) -> (0.667335,-0.427213) : 0.0772158307602787
(0.667335,-0.427213) -> (0.649199,-0.438387) : 0.021301942916081666
(0.667335,-0.427213) -> (0.65034,-0.413786) : 0.021659047855342117
(0.667335,-0.427213) -> (0.6811,-0.398364) : 0.03196466840122077
(0.6811,-0.398364) -> (0.72283,-0.364963) : 0.05345109634984109
(0.72283,-0.364963) -> (0.738453,-0.37601) : 0.01913411450786271
(0.649199,-0.438387) -> (0.66405,-0.490071) : 0.05377534804164448
(0.66405,-0.490071) -> (0.617176,-0.486671) : 0.04699714753046197
(0.617176,-0.486671) -> (0.596843,-0.508268) : 0.029662456034522812
(0.596843,-0.508268) -> (0.565007,-0.498081) : 0.03342612548591296
(0.596843,-0.508268) -> (0.604186,-0.559469) : 0.05172486877702053
(0.65034,-0.413786) -> (0.600848,-0.39095) : 0.05450633871395139
(0.600848,-0.39095) -> (0.571249,-0.411506) : 0.036036785886091466
(0.600848,-0.39095) -> (0.602703,-0.342903) : 0.04808279561340002
(0.602703,-0.342903) -> (0.612307,-0.340938) : 0.009802960828239653
(0.612307,-0.340938) -> (0.61321,-0.262021) : 0.07892216607519083
(0.61321,-0.262021) -> (0.592726,-0.245692) : 0.02619600154603757
(0.571249,-0.411506) -> (0.492449,-0.425091) : 0.07996244259025606
(0.492449,-0.425091) -> (0.467144,-0.421314) : 0.025585323019262446
(0.467144,-0.421314) -> (0.477188,-0.368549) : 0.05371244884568196
(0.477188,-0.368549) -> (0.489614,-0.351203) : 0.021337506695956788
(0.489614,-0.351203) -> (0.501639,-0.332085) : 0.022585361387411927
(0.501639,-0.332085) -> (0.466332,-0.274082) : 0.06790384567901879
(0.466332,-0.274082) -> (0.468434,-0.248223) : 0.025944291954108127
(0.468434,-0.248223) -> (0.444947,-0.242887) : 0.02408551566813552
(0.466332,-0.274082) -> (0.426011,-0.301393) : 0.04869983328513565
(0.426011,-0.301393) -> (0.408404,-0.302595) : 0.017647981555974027
(0.408404,-0.302595) -> (0.401667,-0.309676) : 0.009773828830095192
(0.401667,-0.309676) -> (0.384182,-0.312942) : 0.017787410744681167
(0.426011,-0.301393) -> (0.424828,-0.323466) : 0.02210467864502893
(0.384182,-0.312942) -> (0.35774,-0.315487) : 0.02656419373894117
(0.35774,-0.315487) -> (0.349592,-0.334119) : 0.02033571557629579
(0.35774,-0.315487) -> (0.332492,-0.293346) : 0.03358102715820349
(0.332492,-0.293346) -> (0.281877,-0.289916) : 0.050731086377092324
(0.281877,-0.289916) -> (0.281293,-0.302384) : 0.012481669760092174
(0.281293,-0.302384) -> (0.273817,-0.320867) : 0.019937699591477488
(0.273817,-0.320867) -> (0.285932,-0.343877) : 0.026004486632117928
(0.281877,-0.289916) -> (0.26302,-0.25217) : 0.04219415794870186
(0.26302,-0.25217) -> (0.250508,-0.227384) : 0.027765012875919926
(0.250508,-0.227384) -> (0.261924,-0.218549) : 0.014435452227069292
(0.261924,-0.218549) -> (0.25081,-0.192487) : 0.02833282266206458
(0.261924,-0.218549) -> (0.290642,-0.228801) : 0.030493065244412563
(0.290642,-0.228801) -> (0.326148,-0.239071) : 0.03696145202775452
(0.326148,-0.239071) -> (0.340662,-0.232993) : 0.01573525595597354
(0.25081,-0.192487) -> (0.241936,-0.152012) : 0.041436378956178084
(0.250508,-0.227384) -> (0.200865,-0.226815) : 0.04964626078568256
(0.340662,-0.232993) -> (0.382978,-0.203464) : 0.05160044279848766
(0.241936,-0.152012) -> (0.239362,-0.097621) : 0.05445187193292808
(0.239362,-0.097621) -> (0.282727,-0.076801) : 0.048104008408863405
(0.239362,-0.097621) -> (0.238966,-0.044555) : 0.05306747753568093
(0.424828,-0.323466) -> (0.395928,-0.371297) : 0.05588393830967893
(0.239362,-0.097621) -> (0.167685,-0.110212) : 0.07277448460827461
(0.167685,-0.110212) -> (0.126273,-0.119361) : 0.04241058765214177
(0.126273,-0.119361) -> (0.10329,-0.100845) : 0.029513734853454234
(0.10329,-0.100845) -> (0.081127,-0.136257) : 0.041775690455096
(0.167685,-0.110212) -> (0.151335,-0.06745) : 0.04578112213565763
(0.10329,-0.100845) -> (0.073286,-0.048571) : 0.06027280557598095
(0.073286,-0.048571) -> (0.067899,-0.028948) : 0.020349002383409368
(0.067899,-0.028948) -> (0.065625,0.017805) : 0.046808269408300074
(0.065625,0.017805) -> (0.064643,0.019023) : 0.0015645600020453016
(0.064643,0.019023) -> (0.049361,0.027374) : 0.017414899511625098
(0.064643,0.019023) -> (0.071793,0.036695) : 0.019063632497506863
(0.071793,0.036695) -> (0.10096,0.055016) : 0.03444376474777402
(0.10096,0.055016) -> (0.118731,0.06892) : 0.02256390163513394
(0.118731,0.06892) -> (0.124915,0.086359) : 0.018502988326213696
(0.10096,0.055016) -> (0.09122,0.075622) : 0.02279199061073867
(0.124915,0.086359) -> (0.148811,0.083955) : 0.024016619912052572
(0.124915,0.086359) -> (0.126856,0.116745) : 0.030447930586494705
(0.126856,0.116745) -> (0.1406,0.155274) : 0.040906984452535725
(0.1406,0.155274) -> (0.138504,0.174534) : 0.019373714563810422
(0.138504,0.174534) -> (0.151652,0.194227) : 0.023678770090526265
(0.151652,0.194227) -> (0.128553,0.20537) : 0.025646252162840482
(0.128553,0.20537) -> (0.102214,0.191658) : 0.02969447532791243
(0.09122,0.075622) -> (0.048706,0.108006) : 0.05344308797215969
(0.048706,0.108006) -> (0.034391,0.08969) : 0.023246399312581725
(0.034391,0.08969) -> (0.00335,0.112666) : 0.038619169553474345
(0.00335,0.112666) -> (-0.005519,0.101468) : 0.014284759885976382
(-0.005519,0.101468) -> (-0.016118,0.100201) : 0.010674459705296565
(0.102214,0.191658) -> (0.080203,0.240975) : 0.054006023830680226
(0.080203,0.240975) -> (0.09781,0.282502) : 0.04510541184824719
(0.09781,0.282502) -> (0.10872,0.297778) : 0.018771901235623428
(0.10872,0.297778) -> (0.083195,0.329319) : 0.0405753657531266
(0.083195,0.329319) -> (0.069577,0.351739) : 0.026231780801158018
(0.069577,0.351739) -> (0.061407,0.34504) : 0.010565297014282186
(0.061407,0.34504) -> (0.036911,0.302164) : 0.049380212555233116
(0.102214,0.191658) -> (0.046333,0.191529) : 0.0558811488965644
(0.046333,0.191529) -> (0.021139,0.199578) : 0.026448516725895987
(0.021139,0.199578) -> (-0.017076,0.224389) : 0.04556283514005686
(-0.017076,0.224389) -> (-0.01883,0.239546) : 0.015258150772619862
(-0.01883,0.239546) -> (-0.045306,0.262857) : 0.03527578910527729
(-0.045306,0.262857) -> (-0.015635,0.275151) : 0.03211713992559112
(-0.045306,0.262857) -> (-0.075387,0.286821) : 0.03845958732227894
(0.073286,-0.048571) -> (0.018503,-0.069201) : 0.05853865380242358
(0.069577,0.351739) -> (0.104445,0.39924) : 0.05892471828528327
(0.018503,-0.069201) -> (-0.043478,-0.066615) : 0.06203492368819358
(-0.016118,0.100201) -> (-0.01411,0.037782) : 0.06245129001870177
(0.382978,-0.203464) -> (0.443444,-0.158982) : 0.07506520818594992
(0.443444,-0.158982) -> (0.486915,-0.166564) : 0.04412725422003955
(0.118731,0.06892) -> (0.164784,0.00893) : 0.07562855881874254
(-0.075387,0.286821) -> (-0.155653,0.304927) : 0.0822827928062727
(-0.155653,0.304927) -> (-0.155886,0.333444) : 0.028517951854928166
(1.288355,-0.603587) -> (1.309779,-0.685471) : 0.08464028137949457
(-0.155886,0.333444) -> (-0.103804,0.401941) : 0.0860486707218653
(-0.103804,0.401941) -> (-0.113602,0.450221) : 0.04926417769535993
(-0.113602,0.450221) -> (-0.124933,0.466371) : 0.019728508838733862
(-0.124933,0.466371) -> (-0.13727,0.47737) : 0.016528144783973815
(-0.13727,0.47737) -> (-0.096073,0.519764) : 0.059113822791289676
(-0.096073,0.519764) -> (-0.086991,0.559661) : 0.0409176408533043
(-0.096073,0.519764) -> (-0.030084,0.498753) : 0.06925323271876917
(-0.030084,0.498753) -> (-0.016942,0.48595) : 0.01834745140339661
(-0.016942,0.48595) -> (0.033783,0.4565) : 0.05865431037016801
(0.033783,0.4565) -> (-0.018242,0.387745) : 0.08621978108299744
(1.583593,-0.454251) -> (1.572697,-0.540154) : 0.08659127106700767
(1.802764,-0.058505) -> (1.860827,0.006241) : 0.08696755995772215
(1.860827,0.006241) -> (1.887143,0.011587) : 0.026853520663034116
(1.887143,0.011587) -> (1.894295,0.002903) : 0.011250020444425898
(1.887143,0.011587) -> (1.867709,0.050742) : 0.04371263411189033
(1.867709,0.050742) -> (1.896719,0.068841) : 0.0341928925509381
(1.896719,0.068841) -> (1.925749,0.09642) : 0.04004175496903194
(1.894295,0.002903) -> (1.934405,0.022955) : 0.04484300172825175
(1.925749,0.09642) -> (1.904838,0.140416) : 0.0487126055246483
(1.904838,0.140416) -> (1.881863,0.131983) : 0.024473784219037294
(1.904838,0.140416) -> (1.885794,0.166954) : 0.03266403802349001
(1.867709,0.050742) -> (1.807212,0.047552) : 0.060581045789916854
(1.807212,0.047552) -> (1.804272,0.042299) : 0.006019768184905429
(1.804272,0.042299) -> (1.745484,0.045911) : 0.05889885812135926
(1.885794,0.166954) -> (1.942174,0.211734) : 0.07199967222147621
(1.942174,0.211734) -> (1.960274,0.253909) : 0.04589488669775751
(1.960274,0.253909) -> (1.960473,0.280644) : 0.026735740610650763
(1.960473,0.280644) -> (1.993913,0.296771) : 0.03712564785966717
(1.993913,0.296771) -> (1.999001,0.26204) : 0.03510171085574036
(1.999001,0.26204) -> (2.021865,0.252025) : 0.024961224348977754
(2.021865,0.252025) -> (2.049286,0.239123) : 0.030304667049812564
(2.049286,0.239123) -> (2.072339,0.233816) : 0.02365597298781007
(2.072339,0.233816) -> (2.077525,0.252581) : 0.019468431395466907
(2.077525,0.252581) -> (2.106356,0.268029) : 0.03270882549098929
(2.072339,0.233816) -> (2.083851,0.201364) : 0.03443339146816655
(2.083851,0.201364) -> (2.116283,0.205136) : 0.03265061420555517
(1.999001,0.26204) -> (1.989965,0.224794) : 0.03832641141562827
(1.960473,0.280644) -> (1.921849,0.273704) : 0.03924254038667731
(1.921849,0.273704) -> (1.910805,0.255238) : 0.021516577144146225
(1.921849,0.273704) -> (1.918873,0.298386) : 0.02486076627942104
(1.918873,0.298386) -> (1.923366,0.321087) : 0.02314135799818152
(1.923366,0.321087) -> (1.927542,0.324289) : 0.005262297977120013
(1.927542,0.324289) -> (1.93456,0.350378) : 0.02701644397399482
(1.923366,0.321087) -> (1.881721,0.333952) : 0.04358685868469985
(1.993913,0.296771) -> (2.020174,0.343508) : 0.053609582072610774
(2.020174,0.343508) -> (1.99246,0.388546) : 0.05288182334224117
(1.99246,0.388546) -> (1.98557,0.419814) : 0.032018118683020694
(1.98557,0.419814) -> (2.03524,0.419671) : 0.049670205848174095
(2.03524,0.419671) -> (2.090361,0.451976) : 0.06389004355922775
(2.090361,0.451976) -> (2.074665,0.484677) : 0.0362728523416619
(2.074665,0.484677) -> (2.066671,0.541995) : 0.057872766997958534
(2.066671,0.541995) -> (2.042621,0.565388) : 0.03355048358816897
(2.042621,0.565388) -> (2.008483,0.56775) : 0.03421961554430441
(2.008483,0.56775) -> (1.982289,0.578627) : 0.028362559211044462
(1.885794,0.166954) -> (1.822413,0.211857) : 0.07767516057273385
(1.822413,0.211857) -> (1.824484,0.243228) : 0.031439285647100836
(1.934405,0.022955) -> (2.014948,0.026608) : 0.08062579772008463
(2.014948,0.026608) -> (2.044001,0.065157) : 0.04827113226349692
(2.044001,0.065157) -> (2.060997,0.110957) : 0.04885185785617567
(2.060997,0.110957) -> (2.022443,0.127277) : 0.041865896813516344
(2.014948,0.026608) -> (2.082896,-0.013488) : 0.0788962604943985
(0.9863,-0.529365) -> (0.969978,-0.615904) : 0.08806478413645266
(0.969978,-0.615904) -> (0.937944,-0.621045) : 0.03244390600713792
(0.937944,-0.621045) -> (0.892517,-0.645732) : 0.05170164695635914
(0.937944,-0.621045) -> (0.942007,-0.674093) : 0.053203367120888224
(0.151652,0.194227) -> (0.24063,0.177709) : 0.09049822544116543
(0.729599,-0.576685) -> (0.707106,-0.66619) : 0.09228802779342503
(0.969978,-0.615904) -> (1.042931,-0.673549) : 0.09297895586636795
(2.090361,0.451976) -> (2.17944,0.424662) : 0.09317254336444822
(1.934405,0.022955) -> (1.962939,-0.066525) : 0.0939194311950408
(1.962939,-0.066525) -> (2.004626,-0.079248) : 0.04358532663638076
(0.238966,-0.044555) -> (0.264981,0.050398) : 0.09845228506235902
(0.443444,-0.158982) -> (0.407118,-0.063538) : 0.10212313847507824
(0.407118,-0.063538) -> (0.381359,-0.032657) : 0.04021395581138467
(1.905993,-0.156002) -> (1.904539,-0.262949) : 0.10695688348582338
(1.98557,0.419814) -> (1.875217,0.456322) : 0.11623518689708393
(0.467144,-0.421314) -> (0.39939,-0.516133) : 0.11653860852524361
(0.39939,-0.516133) -> (0.445191,-0.588969) : 0.08603961004676858
(0.033783,0.4565) -> (0.104169,0.553585) : 0.11991532938286079
(0.104169,0.553585) -> (0.204588,0.565479) : 0.10112093154733097
(0.104445,0.39924) -> (0.223367,0.377171) : 0.1209523990874096
(0.223367,0.377171) -> (0.236368,0.34111) : 0.03833303695247738
(1.875217,0.456322) -> (1.804762,0.567586) : 0.13169504440562674
(0.486915,-0.166564) -> (0.615618,-0.103443) : 0.14334825722693667
(0.204588,0.565479) -> (0.355149,0.681106) : 0.1898373457726377
(0.355149,0.681106) -> (0.444118,0.73481) : 0.10392113633424145
(0.444118,0.73481) -> (0.460639,0.736234) : 0.016582256088964506
(0.460639,0.736234) -> (0.498924,0.774133) : 0.053870914471540104
(0.498924,0.774133) -> (0.504707,0.787774) : 0.014816206329556863
(0.504707,0.787774) -> (0.514759,0.821319) : 0.0350187054158203
(0.514759,0.821319) -> (0.480626,0.836912) : 0.03752603546872487
(0.514759,0.821319) -> (0.554707,0.799759) : 0.04539467263897824
(0.554707,0.799759) -> (0.592809,0.78928) : 0.03951672867280396
(0.592809,0.78928) -> (0.595843,0.780814) : 0.008993237014557074
(0.595843,0.780814) -> (0.586464,0.775774) : 0.010647405364688663
(0.595843,0.780814) -> (0.608468,0.789192) : 0.015151947366592847
(0.586464,0.775774) -> (0.609012,0.732759) : 0.0485664753610965
(0.609012,0.732759) -> (0.648158,0.720945) : 0.0408898509657348
(0.648158,0.720945) -> (0.637179,0.701461) : 0.022364362208656813
(0.648158,0.720945) -> (0.671429,0.729887) : 0.024929877757421958
(0.671429,0.729887) -> (0.678361,0.707514) : 0.02342229179649161
(0.678361,0.707514) -> (0.69969,0.721561) : 0.025539076921455142
(0.69969,0.721561) -> (0.707179,0.689951) : 0.03248503072185712
(0.707179,0.689951) -> (0.704663,0.663682) : 0.02638921402770456
(0.69969,0.721561) -> (0.738495,0.733329) : 0.04055013993810623
(0.738495,0.733329) -> (0.75781,0.736628) : 0.019594709132824566
(0.75781,0.736628) -> (0.771201,0.771141) : 0.03701980618533817
(0.771201,0.771141) -> (0.730535,0.774611) : 0.040813777771728
(0.730535,0.774611) -> (0.720043,0.812154) : 0.038981520147372405
(0.704663,0.663682) -> (0.756063,0.669032) : 0.05167767893394594
(0.756063,0.669032) -> (0.795069,0.639242) : 0.049080669677582824
(0.795069,0.639242) -> (0.800367,0.612028) : 0.027724909377669714
(0.795069,0.639242) -> (0.821516,0.651344) : 0.029084398102762952
(0.821516,0.651344) -> (0.837395,0.626418) : 0.029554155663797935
(0.837395,0.626418) -> (0.853503,0.637287) : 0.019432005171880765
(0.853503,0.637287) -> (0.876461,0.621127) : 0.028075173445590743
(0.876461,0.621127) -> (0.894798,0.57809) : 0.046780647045546485
(0.894798,0.57809) -> (0.899575,0.575521) : 0.005423973635629189
(0.514759,0.821319) -> (0.549501,0.862885) : 0.054173230658693436
(0.549501,0.862885) -> (0.535142,0.893736) : 0.03402888599410797
(0.535142,0.893736) -> (0.56255,0.907112) : 0.03049780057643503
(0.56255,0.907112) -> (0.58616,0.887725) : 0.030549760539159757
(0.58616,0.887725) -> (0.590051,0.856833) : 0.031136081079673493
(0.56255,0.907112) -> (0.540225,0.951174) : 0.049394994371899634
(0.540225,0.951174) -> (0.496265,0.956125) : 0.04423792491742798
(0.496265,0.956125) -> (0.469577,0.97235) : 0.0312329948772128
(0.469577,0.97235) -> (0.466657,0.976025) : 0.004693828394818038
(0.469577,0.97235) -> (0.494787,0.994217) : 0.03337229073647772
(0.590051,0.856833) -> (0.638668,0.837775) : 0.052218962580656454
(0.496265,0.956125) -> (0.467106,0.905684) : 0.05826269614427396
(0.800367,0.612028) -> (0.742014,0.60732) : 0.05854261587083389
(0.742014,0.60732) -> (0.725369,0.57579) : 0.03565384867023466
(0.725369,0.57579) -> (0.70678,0.56441) : 0.021795763831533966
(0.70678,0.56441) -> (0.715537,0.523084) : 0.042243618748871385
(0.637179,0.701461) -> (0.582977,0.677471) : 0.05927374548651373
(0.582977,0.677471) -> (0.621716,0.634771) : 0.05765414227095927
(0.621716,0.634771) -> (0.637487,0.597894) : 0.04010782429900673
(0.637487,0.597894) -> (0.648507,0.591588) : 0.012696693900382045
(0.467106,0.905684) -> (0.406744,0.923231) : 0.06286070515831017
(0.406744,0.923231) -> (0.396891,0.920344) : 0.010267247829871443
(0.396891,0.920344) -> (0.382055,0.906607) : 0.020219101488444052
(0.382055,0.906607) -> (0.369464,0.896005) : 0.016460124088232116
(0.369464,0.896005) -> (0.355648,0.922248) : 0.029657661826246434
(0.355648,0.922248) -> (0.360501,0.931962) : 0.010858793901718549
(0.355648,0.922248) -> (0.332893,0.895112) : 0.035414015883545286
(0.332893,0.895112) -> (0.307621,0.898479) : 0.025495306881855744
(0.307621,0.898479) -> (0.310878,0.87794) : 0.02079563824459348
(0.310878,0.87794) -> (0.293294,0.875527) : 0.017748792212429542
(0.293294,0.875527) -> (0.279542,0.865359) : 0.017102798835278422
(0.310878,0.87794) -> (0.325635,0.865812) : 0.019101241661211483
(0.279542,0.865359) -> (0.265806,0.896399) : 0.03394347206754191
(0.279542,0.865359) -> (0.281075,0.831091) : 0.034302272708961974
(0.281075,0.831091) -> (0.247872,0.844397) : 0.035769943318378336
(0.715537,0.523084) -> (0.661266,0.484373) : 0.06666245541532351
(0.582977,0.677471) -> (0.515648,0.677117) : 0.06732993061781659
(0.800367,0.612028) -> (0.812119,0.536938) : 0.07600406307560141
(0.812119,0.536938) -> (0.808054,0.526203) : 0.01147886971787732
(0.808054,0.526203) -> (0.801083,0.517925) : 0.01082220518193963
(0.812119,0.536938) -> (0.835357,0.52942) : 0.024423860628491955
(0.835357,0.52942) -> (0.841814,0.473738) : 0.05605513333317476
(0.841814,0.473738) -> (0.875309,0.48583) : 0.03561083387116909
(0.875309,0.48583) -> (0.885879,0.495831) : 0.014551457006087056
(0.875309,0.48583) -> (0.877491,0.442597) : 0.043288028518286635
(0.877491,0.442597) -> (0.890094,0.430487) : 0.017478206687186217
(0.890094,0.430487) -> (0.905763,0.41158) : 0.024555899698443105
(0.905763,0.41158) -> (0.938775,0.418559) : 0.03374164466945858
(0.938775,0.418559) -> (0.945393,0.426937) : 0.010676554125746758
(0.945393,0.426937) -> (0.97811,0.427104) : 0.03271742621295263
(0.97811,0.427104) -> (0.994181,0.429445) : 0.01624060719308236
(0.994181,0.429445) -> (1.028871,0.434365) : 0.03503715884600245
(1.028871,0.434365) -> (1.050796,0.466869) : 0.03920734167219192
(0.905763,0.41158) -> (0.913472,0.365468) : 0.046751954237229464
(0.994181,0.429445) -> (0.984109,0.479019) : 0.05058682298780972
(0.913472,0.365468) -> (0.841088,0.348822) : 0.07427336515871621
(0.841088,0.348822) -> (0.813624,0.316076) : 0.04273841143514808
(0.813624,0.316076) -> (0.834751,0.30481) : 0.023943117695905857
(0.841088,0.348822) -> (0.795382,0.389716) : 0.06132990846234805
(0.480626,0.836912) -> (0.411432,0.804667) : 0.07633838916953904
(0.834751,0.30481) -> (0.907856,0.278374) : 0.07773804165915166
(0.907856,0.278374) -> (0.954317,0.280439) : 0.04650686772940097
(0.954317,0.280439) -> (0.976236,0.232807) : 0.052433290808416765
(0.976236,0.232807) -> (1.025611,0.245358) : 0.05094524733476132
(1.025611,0.245358) -> (1.039248,0.281098) : 0.038253305334310636
(1.039248,0.281098) -> (1.019631,0.310229) : 0.0351203908007869
(1.019631,0.310229) -> (1.021014,0.33741) : 0.027216161558897334
(1.021014,0.33741) -> (1.004617,0.350988) : 0.021289051012198756
(1.021014,0.33741) -> (1.048518,0.356514) : 0.03348780124164617
(0.907856,0.278374) -> (0.901455,0.225483) : 0.05327692447955308
(1.025611,0.245358) -> (1.077852,0.234741) : 0.05330893705561946
(1.077852,0.234741) -> (1.059422,0.183544) : 0.054413212632595014
(0.976236,0.232807) -> (0.995014,0.181074) : 0.05503559369171914
(0.995014,0.181074) -> (0.990752,0.174731) : 0.007641877583421504
(0.990752,0.174731) -> (1.010732,0.146917) : 0.034246445012584885
(1.010732,0.146917) -> (1.02188,0.141551) : 0.012372221304195878
(0.990752,0.174731) -> (0.968322,0.142561) : 0.039217519044427045
(0.968322,0.142561) -> (0.940449,0.151816) : 0.029369357398485965
(0.940449,0.151816) -> (0.931305,0.160225) : 0.012422721803211996
(0.931305,0.160225) -> (0.896319,0.142106) : 0.03939947153198892
(0.896319,0.142106) -> (0.886765,0.084158) : 0.058730312616229116
(0.886765,0.084158) -> (0.909865,0.074057) : 0.02521190593747328
(0.968322,0.142561) -> (0.988498,0.068214) : 0.07703601355859478
(0.988498,0.068214) -> (1.02589,0.028329) : 0.054671518078429085
(1.02589,0.028329) -> (1.037556,0.003905) : 0.02706708946303608
(1.037556,0.003905) -> (0.997446,-0.002362) : 0.040596642582853934
(0.997446,-0.002362) -> (0.977905,0.00628) : 0.021366676040039573
(0.977905,0.00628) -> (0.977409,-0.015154) : 0.021439738151386088
(1.02589,0.028329) -> (1.061375,0.074222) : 0.05801165981076562
(0.795382,0.389716) -> (0.732115,0.340259) : 0.0803038488367775
(0.265806,0.896399) -> (0.248476,0.978591) : 0.083999129543109
(0.248476,0.978591) -> (0.216207,0.974421) : 0.03253732104829774
(0.216207,0.974421) -> (0.146129,1.020186) : 0.08369803647039759
(0.146129,1.020186) -> (0.168261,1.047554) : 0.03519705737700245
(0.146129,1.020186) -> (0.09952,0.979432) : 0.06191354776622001
(0.09952,0.979432) -> (0.082399,1.001458) : 0.02789755037633232
(0.082399,1.001458) -> (0.073584,1.016561) : 0.017487276345960874
(0.082399,1.001458) -> (0.061311,0.999065) : 0.021223340759644792
(0.09952,0.979432) -> (0.117908,0.949495) : 0.03513321096911012
(0.09952,0.979432) -> (0.068232,0.95675) : 0.038644690036277934
(0.068232,0.95675) -> (0.062941,0.943566) : 0.014206073947435277
(0.062941,0.943566) -> (0.021663,0.9229) : 0.04616228807154167
(0.021663,0.9229) -> (0.013502,0.928529) : 0.009914008371995657
(0.021663,0.9229) -> (0.050247,0.88421) : 0.04810365013177274
(0.073584,1.016561) -> (0.100853,1.067876) : 0.05811047742016925
(0.100853,1.067876) -> (0.133547,1.11239) : 0.055230370558235396
(0.168261,1.047554) -> (0.202396,1.099348) : 0.062030771887829905
(0.202396,1.099348) -> (0.203356,1.133624) : 0.03428944117363242
(0.013502,0.928529) -> (-0.038462,0.976484) : 0.0707102490520292
(-0.038462,0.976484) -> (-0.08681,0.956384) : 0.05235970878452247
(-0.08681,0.956384) -> (-0.112563,0.96388) : 0.026821764017305034
(-0.112563,0.96388) -> (-0.123555,0.970297) : 0.012727998782212391
(-0.123555,0.970297) -> (-0.142419,0.953604) : 0.025189417321565783
(-0.123555,0.970297) -> (-0.119973,1.001118) : 0.031028450895911632
(-0.119973,1.001118) -> (-0.153568,1.025322) : 0.04140600972081235
(-0.142419,0.953604) -> (-0.122402,0.91572) : 0.04284714395382733
(-0.122402,0.91572) -> (-0.139281,0.887464) : 0.032913556128136574
(-0.139281,0.887464) -> (-0.159494,0.892063) : 0.020729596474606073
(-0.153568,1.025322) -> (-0.205755,0.987688) : 0.06434128476336172
(-0.205755,0.987688) -> (-0.245064,0.957019) : 0.04985764777845024
(-0.245064,0.957019) -> (-0.267702,0.967377) : 0.02489512418125287
(-0.267702,0.967377) -> (-0.266735,0.970011) : 0.0028058946879737914
(-0.267702,0.967377) -> (-0.319555,0.967214) : 0.05185325619476561
(-0.319555,0.967214) -> (-0.322624,0.936848) : 0.030520693258836707
(-0.319555,0.967214) -> (-0.350218,0.976823) : 0.032133354166659904
(-0.322624,0.936848) -> (-0.348462,0.907656) : 0.03898429309350111
(-0.348462,0.907656) -> (-0.341142,0.898763) : 0.011518153020341438
(-0.341142,0.898763) -> (-0.317901,0.884029) : 0.027517900301440176
(-0.317901,0.884029) -> (-0.309466,0.883391) : 0.008459093864002183
(-0.348462,0.907656) -> (-0.378252,0.891862) : 0.033717866717809984
(-0.378252,0.891862) -> (-0.368973,0.878394) : 0.016355025680199975
(-0.309466,0.883391) -> (-0.270111,0.885529) : 0.03941303171541111
(-0.270111,0.885529) -> (-0.265751,0.864803) : 0.021179628797502584
(-0.270111,0.885529) -> (-0.247517,0.894894) : 0.02445796518519068
(-0.350218,0.976823) -> (-0.400236,0.999937) : 0.05510042939941575
(-0.400236,0.999937) -> (-0.417917,0.960166) : 0.043524133558291545
(-0.417917,0.960166) -> (-0.440394,0.913127) : 0.052133319959503786
(-0.440394,0.913127) -> (-0.484603,0.929286) : 0.04706961824786767
(-0.484603,0.929286) -> (-0.519006,0.953398) : 0.042011366949910096
(-0.484603,0.929286) -> (-0.489082,0.885821) : 0.04369516753601018
(-0.489082,0.885821) -> (-0.484476,0.856255) : 0.029922626756352773
(-0.484476,0.856255) -> (-0.472906,0.842519) : 0.017959470927619216
(-0.472906,0.842519) -> (-0.446832,0.827102) : 0.030290879237816783
(-0.489082,0.885821) -> (-0.534316,0.874034) : 0.046744498339376786
(-0.417917,0.960166) -> (-0.468461,0.989141) : 0.05826016272720158
(-0.468461,0.989141) -> (-0.479103,1.023572) : 0.03603811766726991
(-0.479103,1.023572) -> (-0.491593,1.019262) : 0.01321272871136013
(-0.038462,0.976484) -> (-0.056864,1.039425) : 0.0655759337333446
(-0.056864,1.039425) -> (-0.103943,1.081248) : 0.06297297491781689
(-0.103943,1.081248) -> (-0.082557,1.115292) : 0.04020391687385692
(0.050247,0.88421) -> (-0.017826,0.855131) : 0.07402379056762767
(-0.017826,0.855131) -> (-0.012673,0.84125) : 0.014806605620465409
(-0.400236,0.999937) -> (-0.393829,1.077013) : 0.07734183489548205
(-0.393829,1.077013) -> (-0.418427,1.14171) : 0.06921534087902768
(-0.265751,0.864803) -> (-0.255269,0.78747) : 0.07804015128765447
(-0.153568,1.025322) -> (-0.213242,1.075975) : 0.0782733203907946
(-0.213242,1.075975) -> (-0.228339,1.083285) : 0.01677365520690115
(-0.228339,1.083285) -> (-0.277735,1.110345) : 0.05632236159821421
(-0.534316,0.874034) -> (-0.591859,0.811789) : 0.08476813595921524
(-0.591859,0.811789) -> (-0.601101,0.808974) : 0.009661200184242097
(-0.601101,0.808974) -> (-0.611828,0.80114) : 0.013283075133416998
(-0.611828,0.80114) -> (-0.659646,0.79922) : 0.04785653063062545
(-0.659646,0.79922) -> (-0.68367,0.772744) : 0.03575096015493857
(-0.68367,0.772744) -> (-0.691527,0.733984) : 0.03954832548920373
(-0.691527,0.733984) -> (-0.67112,0.729739) : 0.020843840193208105
(-0.691527,0.733984) -> (-0.709808,0.701525) : 0.03725294138722472
(-0.709808,0.701525) -> (-0.706613,0.664575) : 0.0370878757143085
(-0.706613,0.664575) -> (-0.677022,0.675537) : 0.03155618362540063
(-0.677022,0.675537) -> (-0.661822,0.661081) : 0.020976556819459206
(-0.706613,0.664575) -> (-0.701856,0.625573) : 0.03929103018501804
(-0.68367,0.772744) -> (-0.70369,0.810984) : 0.04316361894002871
(-0.70369,0.810984) -> (-0.711277,0.84908) : 0.03884414737125779
(-0.701856,0.625573) -> (-0.696297,0.581184) : 0.04473573294358773
(-0.696297,0.581184) -> (-0.709154,0.575462) : 0.014072801178159143
(-0.696297,0.581184) -> (-0.664905,0.569331) : 0.03355519740666124
(-0.664905,0.569331) -> (-0.637931,0.583815) : 0.03061671001267111
(-0.709154,0.575462) -> (-0.74142,0.591137) : 0.03587199995818467
(-0.74142,0.591137) -> (-0.754818,0.586588) : 0.01414919803381099
(-0.754818,0.586588) -> (-0.774845,0.611728) : 0.03214187811874102
(-0.709808,0.701525) -> (-0.757573,0.692437) : 0.04862187747300596
(-0.757573,0.692437) -> (-0.783013,0.680031) : 0.028303753037362257
(-0.783013,0.680031) -> (-0.809279,0.658295) : 0.03409334908746872
(-0.809279,0.658295) -> (-0.827218,0.632291) : 0.03159138706989608
(-0.827218,0.632291) -> (-0.852034,0.593267) : 0.04624615045601095
(-0.852034,0.593267) -> (-0.853784,0.55876) : 0.03455134655841935
(-0.853784,0.55876) -> (-0.836374,0.536566) : 0.02820783111123582
(-0.852034,0.593267) -> (-0.887245,0.596095) : 0.03532438400029079
(-0.637931,0.583815) -> (-0.603665,0.61875) : 0.04893478293606711
(-0.603665,0.61875) -> (-0.571407,0.627375) : 0.03339115435261261
(-0.571407,0.627375) -> (-0.59475,0.659799) : 0.039952614745470676
(-0.59475,0.659799) -> (-0.591622,0.691714) : 0.032067921806690276
(-0.591622,0.691714) -> (-0.604345,0.720681) : 0.03163798062455945
(-0.887245,0.596095) -> (-0.936105,0.591664) : 0.0490605071416919
(-0.936105,0.591664) -> (-0.96438,0.599436) : 0.029323703875874938
(-0.711277,0.84908) -> (-0.671307,0.879277) : 0.050094507772808855
(-0.827218,0.632291) -> (-0.85818,0.672241) : 0.050543525243101094
(-0.709154,0.575462) -> (-0.741731,0.535912) : 0.051239276234154627
(-0.591859,0.811789) -> (-0.544973,0.78865) : 0.052284895686995486
(-0.544973,0.78865) -> (-0.545642,0.738484) : 0.05017046060183216
(-0.671307,0.879277) -> (-0.627442,0.908502) : 0.05270900160314173
(-0.783013,0.680031) -> (-0.823913,0.717182) : 0.05525402067723216
(-0.571407,0.627375) -> (-0.527601,0.663402) : 0.05671781347160699
(-0.741731,0.535912) -> (-0.777153,0.486948) : 0.06043336313659867
(-0.836374,0.536566) -> (-0.856415,0.479286) : 0.06068475987428806
(-0.856415,0.479286) -> (-0.887108,0.462942) : 0.034773360277660786
(-0.887108,0.462942) -> (-0.895929,0.484063) : 0.02288900788588268
(-0.887108,0.462942) -> (-0.897767,0.412621) : 0.05143750890157882
(-0.897767,0.412621) -> (-0.905248,0.350952) : 0.06212109884733209
(-0.905248,0.350952) -> (-0.872305,0.330628) : 0.03870796074452908
(-0.872305,0.330628) -> (-0.864119,0.280467) : 0.05082456607783283
(-0.864119,0.280467) -> (-0.886395,0.259238) : 0.030771587820585457
(-0.886395,0.259238) -> (-0.867983,0.231103) : 0.03362409803994755
(-0.886395,0.259238) -> (-0.908386,0.289675) : 0.03755016711014744
(-0.908386,0.289675) -> (-0.945185,0.292729) : 0.036925510382390135
(-0.945185,0.292729) -> (-0.967905,0.308739) : 0.027794217024409904
(-0.967905,0.308739) -> (-0.981774,0.28634) : 0.026345101290372763
(-0.981774,0.28634) -> (-1.017357,0.290151) : 0.035786500387716066
(-1.017357,0.290151) -> (-1.028587,0.263329) : 0.029078042987794026
(-0.945185,0.292729) -> (-0.941797,0.249509) : 0.04335258866549956
(-0.941797,0.249509) -> (-0.939129,0.218995) : 0.0306304165822145
(-0.939129,0.218995) -> (-0.953973,0.220889) : 0.014964343353451868
(-0.953973,0.220889) -> (-0.958303,0.219835) : 0.004456435346776668
(-0.958303,0.219835) -> (-0.974195,0.212517) : 0.017495964906229105
(-0.974195,0.212517) -> (-1.002498,0.206058) : 0.029030647426469706
(-1.002498,0.206058) -> (-0.984719,0.183536) : 0.02869378547699824
(-0.984719,0.183536) -> (-0.996084,0.1717) : 0.0164089646535057
(-0.996084,0.1717) -> (-1.01429,0.157928) : 0.02282819353343574
(-1.01429,0.157928) -> (-1.021392,0.158323) : 0.007112976100058422
(-1.021392,0.158323) -> (-1.029036,0.146296) : 0.014250595250725471
(-1.029036,0.146296) -> (-1.035027,0.134306) : 0.013403439148218578
(-1.021392,0.158323) -> (-1.017462,0.179831) : 0.021864102176856016
(-1.035027,0.134306) -> (-1.062679,0.127526) : 0.02847106432854242
(-0.984719,0.183536) -> (-0.957451,0.153177) : 0.040807017840072526
(-0.957451,0.153177) -> (-0.91865,0.160515) : 0.03948878125493374
(-1.062679,0.127526) -> (-1.105109,0.152076) : 0.04902047939382067
(-1.105109,0.152076) -> (-1.147547,0.11707) : 0.05501276106504759
(-1.147547,0.11707) -> (-1.11281,0.069158) : 0.05917954809729457
(-1.11281,0.069158) -> (-1.090597,0.048675) : 0.030215404316341715
(-1.090597,0.048675) -> (-1.066774,0.059935) : 0.026350008140416336
(-1.066774,0.059935) -> (-1.031081,0.07351) : 0.03818731299790545
(-0.777153,0.486948) -> (-0.715056,0.47333) : 0.06357269329672918
(-0.897767,0.412621) -> (-0.957519,0.444743) : 0.0678389592196107
(-0.957519,0.444743) -> (-0.977995,0.514074) : 0.07229145272437124
(-1.017357,0.290151) -> (-1.030546,0.371785) : 0.08269256119506757
(-1.030546,0.371785) -> (-1.02774,0.377529) : 0.006392743698913601
(-1.02774,0.377529) -> (-1.069281,0.400784) : 0.047607244259671076
(-1.069281,0.400784) -> (-1.108019,0.443997) : 0.058034438163904134
(0.853503,0.637287) -> (0.893657,0.712069) : 0.08488045263781284
(0.58616,0.887725) -> (0.657503,0.934056) : 0.08506694546061937
(-0.139281,0.887464) -> (-0.097494,0.812773) : 0.08558562291646891
(-0.097494,0.812773) -> (-0.11638,0.80479) : 0.020503884631942294
(-0.082557,1.115292) -> (-0.021264,1.176475) : 0.08660364506185636
(-1.105109,0.152076) -> (-1.152512,0.228584) : 0.09000288035946412
(-1.152512,0.228584) -> (-1.134766,0.278623) : 0.0530925798676237
(-1.134766,0.278623) -> (-1.110611,0.301289) : 0.033124184231464404
(-0.715056,0.47333) -> (-0.680907,0.389967) : 0.09008631399940832
(-0.680907,0.389967) -> (-0.720892,0.349213) : 0.05709368389760811
(-0.446832,0.827102) -> (-0.445791,0.735646) : 0.09146192441119964
(0.202396,1.099348) -> (0.290583,1.069232) : 0.09318755509723388
(0.290583,1.069232) -> (0.362418,1.071954) : 0.0718865530471451
(0.362418,1.071954) -> (0.364227,1.069835) : 0.0027861518264444855
(0.977409,-0.015154) -> (0.997745,-0.112365) : 0.09931531310427412
(-0.671307,0.879277) -> (-0.751959,0.955005) : 0.11063216118290384
(0.247872,0.844397) -> (0.141422,0.807369) : 0.11270614572417956
(-1.031081,0.07351) -> (-0.951681,-0.038212) : 0.1370626327049061
(0.893657,0.712069) -> (1.049296,0.674038) : 0.1602181490406127

Time: 22.502002239227295 seconds
Obj.:  24.910783572864492