Edge : Weight

(0.719692736,0.543503673) -> (0.712062354,0.561780489) : 0.01980567425168304 
(0.712062354,0.561780489) -> (0.713002494,0.577558488) : 0.01580598353990035 
(0.712062354,0.561780489) -> (0.682459341,0.554605903) : 0.030460024014264318
(0.682459341,0.554605903) -> (0.675781619,0.543653732) : 0.012827393372097307
(0.675781619,0.543653732) -> (0.66636998,0.544589973) : 0.009458091555721032 
(0.66636998,0.544589973) -> (0.653355991,0.543170932) : 0.013091126271326067 
(0.653355991,0.543170932) -> (0.643880614,0.549800736) : 0.01156447449608262 
(0.643880614,0.549800736) -> (0.63837522,0.546778885) : 0.006280202748433854
(0.63837522,0.546778885) -> (0.629817219,0.547923905) : 0.008634260357228146
(0.682459341,0.554605903) -> (0.668800002,0.561494506) : 0.015298051941620882
(0.668800002,0.561494506) -> (0.660535652,0.564650106) : 0.008846315181051416
(0.660535652,0.564650106) -> (0.66208472,0.569369369) : 0.004966996570543736
(0.660535652,0.564650106) -> (0.653449322,0.568276544) : 0.007960347067605992
(0.653449322,0.568276544) -> (0.652328211,0.569412865) : 0.001596281707394369
(0.66208472,0.569369369) -> (0.662452353,0.580630359) : 0.011266989385048238
(0.662452353,0.580630359) -> (0.657237196,0.582471307) : 0.005530547176668316
(0.652328211,0.569412865) -> (0.641196777,0.571299483) : 0.011290179377418287
(0.641196777,0.571299483) -> (0.63877017,0.574213683) : 0.003792226677355762
(0.63877017,0.574213683) -> (0.645255539,0.578295737) : 0.00766310484888971
(0.645255539,0.578295737) -> (0.646520061,0.587177522) : 0.008971349991763095
(0.653355991,0.543170932) -> (0.65781767,0.523969836) : 0.019712652462321158
(0.65781767,0.523969836) -> (0.66492904,0.524866931) : 0.007167730653137318
(0.65781767,0.523969836) -> (0.643021285,0.52065439) : 0.015163284315976591
(0.643021285,0.52065439) -> (0.624542877,0.519548517) : 0.018511469885089973
(0.624542877,0.519548517) -> (0.614831896,0.508018942) : 0.015074291083264505
(0.629817219,0.547923905) -> (0.607381347,0.544119134) : 0.02275619991920495
(0.66492904,0.524866931) -> (0.669930218,0.500821522) : 0.024559997462641734
(0.669930218,0.500821522) -> (0.65976624,0.491606996) : 0.013719108505626718
(0.646520061,0.587177522) -> (0.645669838,0.615304985) : 0.02814031012562049
(0.645669838,0.615304985) -> (0.633689319,0.621410668) : 0.0134466427187551
(0.633689319,0.621410668) -> (0.634896932,0.640881437) : 0.019508182247691092
(0.634896932,0.640881437) -> (0.62806214,0.653586477) : 0.014426795315830345
(0.65976624,0.491606996) -> (0.655162288,0.463188113) : 0.028789395356380674
(0.645669838,0.615304985) -> (0.678837642,0.614475308) : 0.033178179366968624
(0.607381347,0.544119134) -> (0.571319143,0.55810838) : 0.03868050621419185
(0.655162288,0.463188113) -> (0.637370204,0.421771681) : 0.04507636955960052
(0.637370204,0.421771681) -> (0.645106437,0.406759203) : 0.016888570002542354
(0.645106437,0.406759203) -> (0.653373064,0.409972435) : 0.008869159026815995
(0.653373064,0.409972435) -> (0.654050283,0.401173292) : 0.008825165330372585
(0.654050283,0.401173292) -> (0.646797778,0.393737733) : 0.010386836208273721
(0.646797778,0.393737733) -> (0.65052419,0.382671386) : 0.011676908080401753
(0.65052419,0.382671386) -> (0.652020902,0.370980878) : 0.011785929072797264
(0.652020902,0.370980878) -> (0.658276358,0.373472084) : 0.006733263480836893
(0.658276358,0.373472084) -> (0.662074476,0.374800872) : 0.004023851126827211
(0.662074476,0.374800872) -> (0.662512677,0.372889244) : 0.0019612092511471124
(0.662074476,0.374800872) -> (0.663939959,0.376786442) : 0.0027244293068804286
(0.662512677,0.372889244) -> (0.66541163,0.372970798) : 0.002900099920886329
(0.663939959,0.376786442) -> (0.661863912,0.388013723) : 0.011417609635960118
(0.662512677,0.372889244) -> (0.662282763,0.360694188) : 0.012197223097514106
(0.662282763,0.360694188) -> (0.667924739,0.354373202) : 0.008472706603959145
(0.662282763,0.360694188) -> (0.653395827,0.357608182) : 0.009407500438486963
(0.653395827,0.357608182) -> (0.652442029,0.348979758) : 0.008680981013029594
(0.652442029,0.348979758) -> (0.651158159,0.337822071) : 0.011231308978336789
(0.667924739,0.354373202) -> (0.663379972,0.343764646) : 0.01154107306490282
(0.66541163,0.372970798) -> (0.678171804,0.374583394) : 0.012861668102135546
(0.678171804,0.374583394) -> (0.676168601,0.38261158) : 0.0082743333695111
(0.678171804,0.374583394) -> (0.683711343,0.368221088) : 0.008435960524454696
(0.683711343,0.368221088) -> (0.684173445,0.363841089) : 0.00440430806125147
(0.676168601,0.38261158) -> (0.680689466,0.395650448) : 0.01380037314965247
(0.680689466,0.395650448) -> (0.69085572,0.392158846) : 0.010749139729248963
(0.69085572,0.392158846) -> (0.709496889,0.392277371) : 0.018641545801305923
(0.709496889,0.392277371) -> (0.717436856,0.401583237) : 0.01223283360350515
(0.637370204,0.421771681) -> (0.617039972,0.416457616) : 0.02101327247236963
(0.663379972,0.343764646) -> (0.686779886,0.331837088) : 0.02626447439129058
(0.686779886,0.331837088) -> (0.682672182,0.311919403) : 0.0203368485245586
(0.682672182,0.311919403) -> (0.681046856,0.312007481) : 0.001627710766801013
(0.709496889,0.392277371) -> (0.725064962,0.366989077) : 0.02969617332862547
(0.725064962,0.366989077) -> (0.739931914,0.346989838) : 0.024919787766941853
(0.65052419,0.382671386) -> (0.621756604,0.374427898) : 0.029925392205843147
(0.621756604,0.374427898) -> (0.607775159,0.374423548) : 0.013981445676700404
(0.607775159,0.374423548) -> (0.605143679,0.369753217) : 0.0053606602802230285
(0.605143679,0.369753217) -> (0.575202625,0.354114404) : 0.033779271553422925
(0.680689466,0.395650448) -> (0.686118601,0.42959) : 0.034371044453273915
(0.717436856,0.401583237) -> (0.746416145,0.422054402) : 0.035480526876059036
(0.746416145,0.422054402) -> (0.776925152,0.416203168) : 0.03106503577092431
(0.651158159,0.337822071) -> (0.618345468,0.320173765) : 0.03725768907663375
(0.746416145,0.422054402) -> (0.74932648,0.461084017) : 0.039137972569621586
(0.713002494,0.577558488) -> (0.756617683,0.600785094) : 0.04941416737925424
(0.633689319,0.621410668) -> (0.579268216,0.625656918) : 0.05458651015405832
(0.575202625,0.354114404) -> (0.482798065,0.368090601) : 0.09345553376540312
(0.482798065,0.368090601) -> (0.475579705,0.367256575) : 0.007266382900609889
(0.475579705,0.367256575) -> (0.478669873,0.356173917) : 0.011505409450045108
(0.475579705,0.367256575) -> (0.45711837,0.390563648) : 0.029732819271127912
(0.45711837,0.390563648) -> (0.442496127,0.381026168) : 0.01745776374858613
(0.442496127,0.381026168) -> (0.433389522,0.383609802) : 0.009466013906179349
(0.433389522,0.383609802) -> (0.434452585,0.388628097) : 0.005129657654170891
(0.434452585,0.388628097) -> (0.432815877,0.39944652) : 0.010941530481801595
(0.432815877,0.39944652) -> (0.42508875,0.395398174) : 0.008723393663583302
(0.42508875,0.395398174) -> (0.416929113,0.387066608) : 0.01166167517915523
(0.416929113,0.387066608) -> (0.419323851,0.384734161) : 0.003342914760572403
(0.419323851,0.384734161) -> (0.419782539,0.384598237) : 0.00047840361110676065
(0.419323851,0.384734161) -> (0.41745723,0.382002642) : 0.0033083938708990098
(0.416929113,0.387066608) -> (0.41316514,0.38711989) : 0.0037643501054303173
(0.41316514,0.38711989) -> (0.410219521,0.385323525) : 0.0034501592001509353
(0.410219521,0.385323525) -> (0.407103175,0.386434836) : 0.003308568350576569
(0.407103175,0.386434836) -> (0.409670917,0.390097158) : 0.004472795704058947
(0.41745723,0.382002642) -> (0.419858797,0.375853464) : 0.006601508473915086
(0.419858797,0.375853464) -> (0.420545122,0.374514889) : 0.0015042689374742822
(0.407103175,0.386434836) -> (0.397120168,0.383564131) : 0.010387558710258822
(0.42508875,0.395398174) -> (0.421342988,0.407681308) : 0.012841577544157143
(0.421342988,0.407681308) -> (0.4296062,0.413661942) : 0.010200424285239323
(0.4296062,0.413661942) -> (0.436100675,0.414812398) : 0.006595585988641271
(0.436100675,0.414812398) -> (0.436356766,0.417205739) : 0.002407003062433028
(0.436356766,0.417205739) -> (0.436369286,0.424272673) : 0.007066945090401903
(0.397120168,0.383564131) -> (0.387644791,0.393680101) : 0.013860577849896076
(0.387644791,0.393680101) -> (0.386647742,0.395255726) : 0.0018645913356620126
(0.387644791,0.393680101) -> (0.383592858,0.391562957) : 0.00457170206304229
(0.383592858,0.391562957) -> (0.384006019,0.377032192) : 0.01453663762694613
(0.386647742,0.395255726) -> (0.391681928,0.409323264) : 0.01494117311538961
(0.391681928,0.409323264) -> (0.403174166,0.403851528) : 0.01272837103098192
(0.391681928,0.409323264) -> (0.378574607,0.418720471) : 0.016127906348869014
(0.421342988,0.407681308) -> (0.411926797,0.422577436) : 0.01762269225574977
(0.436369286,0.424272673) -> (0.451659642,0.43507696) : 0.018722382438811146
(0.442496127,0.381026168) -> (0.444135111,0.360003697) : 0.02108626461699882
(0.444135111,0.360003697) -> (0.438643376,0.359035922) : 0.0055763555984935705
(0.436369286,0.424272673) -> (0.429265883,0.447030615) : 0.023840768826859895
(0.45711837,0.390563648) -> (0.478049563,0.402063862) : 0.023882415339513838
(0.478049563,0.402063862) -> (0.467894691,0.412122201) : 0.014293061560607171
(0.420545122,0.374514889) -> (0.41040846,0.352471361) : 0.02426250282203033
(0.41040846,0.352471361) -> (0.385571021,0.32849337) : 0.034523070959501835
(0.385571021,0.32849337) -> (0.385172657,0.322276773) : 0.006229347649385521
(0.385571021,0.32849337) -> (0.364886813,0.33559945) : 0.021870821510717557
(0.385172657,0.322276773) -> (0.396788957,0.302852762) : 0.022632512653660935
(0.396788957,0.302852762) -> (0.343778063,0.245444116) : 0.07814030661721613
(0.343778063,0.245444116) -> (0.368381036,0.189054353) : 0.06152326106144646
(0.368381036,0.189054353) -> (0.377979337,0.192606849) : 0.010234627981349274
(0.368381036,0.189054353) -> (0.355123476,0.154949518) : 0.03659101894633197
(0.355123476,0.154949518) -> (0.349280042,0.141861717) : 0.014333047684563009
(0.349280042,0.141861717) -> (0.340930328,0.121286162) : 0.02220520631383147
(0.340930328,0.121286162) -> (0.336591573,0.116673463) : 0.0063325971776693815
(0.336591573,0.116673463) -> (0.332912964,0.121314435) : 0.005922059209402159
(0.332912964,0.121314435) -> (0.330000353,0.116587559) : 0.005552176110021798
(0.340930328,0.121286162) -> (0.347716178,0.114711815) : 0.00944826961400387
(0.347716178,0.114711815) -> (0.350815452,0.110238301) : 0.0054422262756405335
(0.350815452,0.110238301) -> (0.354401868,0.110822228) : 0.003633641488422442
(0.330000353,0.116587559) -> (0.324357239,0.107850397) : 0.01040109299214462
(0.324357239,0.107850397) -> (0.317196927,0.098404258) : 0.011853253137627034
(0.317196927,0.098404258) -> (0.308151784,0.09025646) : 0.012173792512576087
(0.332912964,0.121314435) -> (0.326003053,0.131419531) : 0.012241725172423086
(0.326003053,0.131419531) -> (0.325945005,0.140152343) : 0.008733004923716012
(0.325945005,0.140152343) -> (0.326540275,0.142461955) : 0.002385089927747783
(0.326003053,0.131419531) -> (0.318197391,0.127345088) : 0.008805080636683173
(0.318197391,0.127345088) -> (0.315186895,0.125473693) : 0.0035447433492484096
(0.308151784,0.09025646) -> (0.296327196,0.080788574) : 0.01514799480719277
(0.315186895,0.125473693) -> (0.302630456,0.135657081) : 0.016166803998294347
(0.302630456,0.135657081) -> (0.298696894,0.134471828) : 0.004108252022679849
(0.302630456,0.135657081) -> (0.307792118,0.146221055) : 0.01175756357732841
(0.307792118,0.146221055) -> (0.315169823,0.161743518) : 0.01718654673439067
(0.315169823,0.161743518) -> (0.313881399,0.169821723) : 0.008180307599705595
(0.315169823,0.161743518) -> (0.334647556,0.16521446) : 0.019784577862230292
(0.350815452,0.110238301) -> (0.350794964,0.087780478) : 0.022457832345475222
(0.350794964,0.087780478) -> (0.353091818,0.073901059) : 0.014068184320475645
(0.354401868,0.110822228) -> (0.373271811,0.124831047) : 0.023501526729087414
(0.373271811,0.124831047) -> (0.386083203,0.104658914) : 0.02389658374637162
(0.386083203,0.104658914) -> (0.398108111,0.115131547) : 0.01594598552492611
(0.386083203,0.104658914) -> (0.401493069,0.094176494) : 0.018637196655998348
(0.308151784,0.09025646) -> (0.291516094,0.107666629) : 0.024080285845160983
(0.291516094,0.107666629) -> (0.265865993,0.109567383) : 0.025720430538362222
(0.298696894,0.134471828) -> (0.277280834,0.151208904) : 0.027180458770104988
(0.277280834,0.151208904) -> (0.271332688,0.157214547) : 0.008452703039901787
(0.308151784,0.09025646) -> (0.320661558,0.063177239) : 0.029829157807385674
(0.320661558,0.063177239) -> (0.314219439,0.043819559) : 0.020401487009347165
(0.401493069,0.094176494) -> (0.392348903,0.06328489) : 0.03221656358968739
(0.392348903,0.06328489) -> (0.388517778,0.040612852) : 0.022993451803482428
(0.392348903,0.06328489) -> (0.436711879,0.06459628) : 0.04438235441376084
(0.436711879,0.06459628) -> (0.458390859,0.07845069) : 0.025727861362509284
(0.458390859,0.07845069) -> (0.479652126,0.105814807) : 0.03465308606221066
(0.479652126,0.105814807) -> (0.488023465,0.134497926) : 0.029879769614591763
(0.488023465,0.134497926) -> (0.50222458,0.149700696) : 0.02080374684801097
(0.50222458,0.149700696) -> (0.517170066,0.157739755) : 0.01697038660083139
(0.517170066,0.157739755) -> (0.533068212,0.153507642) : 0.01645180314379197
(0.533068212,0.153507642) -> (0.539123348,0.166083283) : 0.01395748611102216
(0.539123348,0.166083283) -> (0.549492199,0.169478108) : 0.010910449479321524
(0.549492199,0.169478108) -> (0.549847313,0.182733367) : 0.013260014973976369
(0.533068212,0.153507642) -> (0.541763934,0.141786687) : 0.014594395061574474
(0.541763934,0.141786687) -> (0.54117094,0.137743779) : 0.004086165314876515
(0.54117094,0.137743779) -> (0.542067829,0.134776297) : 0.003100057950852701
(0.542067829,0.134776297) -> (0.542853175,0.133895513) : 0.0011800630467784438
(0.541763934,0.141786687) -> (0.547322822,0.141572472) : 0.005563013918980379
(0.547322822,0.141572472) -> (0.554105257,0.135450478) : 0.009136751888130736
(0.554105257,0.135450478) -> (0.555570099,0.134932881) : 0.0015535986416616455
(0.542853175,0.133895513) -> (0.549033512,0.126020649) : 0.010010496913343735
(0.555570099,0.134932881) -> (0.558718314,0.145256542) : 0.010793017841602323
(0.558718314,0.145256542) -> (0.56206685,0.14531961) : 0.003349129874447946
(0.549033512,0.126020649) -> (0.538995872,0.118852588) : 0.012334314543959076
(0.538995872,0.118852588) -> (0.53879669,0.117034476) : 0.0018289900802541264
(0.53879669,0.117034476) -> (0.538261743,0.107765581) : 0.009284319189570876
(0.538261743,0.107765581) -> (0.541584101,0.104726332) : 0.004502787710315148
(0.541584101,0.104726332) -> (0.544702724,0.099348111) : 0.006216998515438937
(0.544702724,0.099348111) -> (0.548981155,0.095917402) : 0.00548404376937696
(0.56206685,0.14531961) -> (0.571469383,0.132846184) : 0.015620306750943318
(0.538261743,0.107765581) -> (0.521871902,0.111286543) : 0.016763772290589125
(0.521871902,0.111286543) -> (0.517905333,0.104200036) : 0.00812109913083262
(0.521871902,0.111286543) -> (0.511629389,0.120706585) : 0.013915684095183149
(0.511629389,0.120706585) -> (0.516187814,0.128429214) : 0.00896762159952495
(0.516187814,0.128429214) -> (0.517286161,0.134316332) : 0.00598869973185607
(0.517286161,0.134316332) -> (0.519567081,0.133439897) : 0.002443508615827885
(0.548981155,0.095917402) -> (0.570809237,0.105103655) : 0.02368232268969266
(0.570809237,0.105103655) -> (0.585849193,0.109233555) : 0.015596677546578253
(0.517905333,0.104200036) -> (0.515410435,0.0788378) : 0.025484652851276983
(0.515410435,0.0788378) -> (0.523109107,0.070760682) : 0.011158377379776551
(0.515410435,0.0788378) -> (0.493848688,0.068471731) : 0.023924136770315636
(0.571469383,0.132846184) -> (0.600089006,0.151852637) : 0.034355903077976827
(0.600089006,0.151852637) -> (0.618238479,0.176605936) : 0.030694122915651555
(0.618238479,0.176605936) -> (0.602404071,0.183490189) : 0.01726619286578458
(0.602404071,0.183490189) -> (0.591805307,0.185171291) : 0.010731258186349854
(0.618238479,0.176605936) -> (0.63971031,0.173410103) : 0.02170835956622361
(0.314219439,0.043819559) -> (0.343839525,0.0) : 0.052891428848178004
(0.436711879,0.06459628) -> (0.460735517,0.004403921) : 0.06480937636438051
(0.429265883,0.447030615) -> (0.363030436,0.526878599) : 0.10374408411159676
(0.363030436,0.526878599) -> (0.362255333,0.527098251) : 0.0008056250130879631
(0.362255333,0.527098251) -> (0.347083348,0.530432182) : 0.015533970025495288
(0.347083348,0.530432182) -> (0.343534492,0.534023825) : 0.005049185909449677
(0.343534492,0.534023825) -> (0.337458869,0.532790727) : 0.006199493972554007
(0.343534492,0.534023825) -> (0.339523534,0.53889206) : 0.0063077330391345075
(0.339523534,0.53889206) -> (0.340231484,0.545696934) : 0.006841600935334901
(0.340231484,0.545696934) -> (0.348248848,0.551667781) : 0.009996456342419852
(0.348248848,0.551667781) -> (0.348559572,0.553669662) : 0.002025852152141642
(0.348559572,0.553669662) -> (0.350330585,0.554899498) : 0.002156150187965869
(0.350330585,0.554899498) -> (0.349127525,0.557186275) : 0.002583931580233628
(0.349127525,0.557186275) -> (0.347296188,0.556836136) : 0.001864508655622145
(0.349127525,0.557186275) -> (0.349733039,0.560811626) : 0.003675570306414697
(0.349733039,0.560811626) -> (0.349545239,0.566990165) : 0.006181392481837794
(0.350330585,0.554899498) -> (0.35773333,0.55386213) : 0.0074750763141555295
(0.35773333,0.55386213) -> (0.364881122,0.55071088) : 0.007811613600131756
(0.364881122,0.55071088) -> (0.367523984,0.545089084) : 0.006212029444284715
(0.367523984,0.545089084) -> (0.37040245,0.543672218) : 0.0032082823714741607
(0.37040245,0.543672218) -> (0.373311647,0.547884759) : 0.005119465681249391
(0.35773333,0.55386213) -> (0.363782775,0.559551344) : 0.008304392858350381
(0.373311647,0.547884759) -> (0.38220086,0.549335334) : 0.009006790526596762
(0.38220086,0.549335334) -> (0.389317921,0.548289267) : 0.0071935258007607425
(0.347296188,0.556836136) -> (0.339739789,0.562288299) : 0.009318006612241128
(0.339739789,0.562288299) -> (0.333032474,0.561918587) : 0.006717496667075384
(0.333032474,0.561918587) -> (0.32378018,0.565076362) : 0.009776322785846532
(0.337458869,0.532790727) -> (0.323873511,0.528777178) : 0.014165822516308905
(0.363782775,0.559551344) -> (0.366650998,0.573925525) : 0.014657550361451699
(0.366650998,0.573925525) -> (0.365918008,0.588761846) : 0.014854416688484962
(0.32378018,0.565076362) -> (0.319310534,0.548123984) : 0.01753170999133289
(0.32378018,0.565076362) -> (0.304732681,0.566454082) : 0.019097259765563222
(0.304732681,0.566454082) -> (0.301823484,0.568677791) : 0.003661735777126779
(0.301823484,0.568677791) -> (0.285215111,0.553584846) : 0.0224418145986494
(0.285215111,0.553584846) -> (0.278696734,0.553066162) : 0.006538980945528535
(0.389317921,0.548289267) -> (0.406290512,0.563705166) : 0.02292855833303699
(0.406290512,0.563705166) -> (0.403525865,0.568775656) : 0.005775217907119128
(0.403525865,0.568775656) -> (0.394784616,0.587888673) : 0.021017060996302277
(0.394784616,0.587888673) -> (0.402062161,0.596193055) : 0.011041984496862329
(0.402062161,0.596193055) -> (0.403521312,0.60404617) : 0.00798752382431673
(0.402062161,0.596193055) -> (0.419463847,0.584036058) : 0.02122760588716035
(0.406290512,0.563705166) -> (0.424474131,0.551079504) : 0.022137103262970127
(0.278696734,0.553066162) -> (0.258744379,0.540945049) : 0.02334561737039299
(0.403521312,0.60404617) -> (0.431456886,0.61263436) : 0.029225901221101358
(0.258744379,0.540945049) -> (0.214413272,0.588219239) : 0.0648081483148651
(0.214413272,0.588219239) -> (0.171863423,0.579731089) : 0.043388228130972345
(0.171863423,0.579731089) -> (0.169351452,0.564551153) : 0.015386372388218642
(0.169351452,0.564551153) -> (0.178865527,0.557689736) : 0.011730160542529391
(0.178865527,0.557689736) -> (0.183998734,0.550482528) : 0.008848370542654398
(0.169351452,0.564551153) -> (0.165973323,0.551090378) : 0.013878192214451619
(0.165973323,0.551090378) -> (0.158177905,0.53928787) : 0.01414453028151833
(0.158177905,0.53928787) -> (0.150935644,0.536043104) : 0.007935921546164444
(0.150935644,0.536043104) -> (0.140135421,0.547828214) : 0.015985419436531215
(0.140135421,0.547828214) -> (0.131826682,0.552948724) : 0.009759854836534212
(0.131826682,0.552948724) -> (0.137426544,0.558294323) : 0.0077416976877068815
(0.137426544,0.558294323) -> (0.142609832,0.559865599) : 0.005416214799942821
(0.137426544,0.558294323) -> (0.136421529,0.568731073) : 0.010485027692511112
(0.136421529,0.568731073) -> (0.139743886,0.571549582) : 0.004356839338158971
(0.136421529,0.568731073) -> (0.132789585,0.574871552) : 0.007134178268628856
(0.131826682,0.552948724) -> (0.125119367,0.544274631) : 0.010964851293194713
(0.125119367,0.544274631) -> (0.117795157,0.545250018) : 0.0073888721685971236
(0.117795157,0.545250018) -> (0.114800596,0.550819619) : 0.006323594775277931
(0.114800596,0.550819619) -> (0.115243349,0.551169758) : 0.0005644710252351401
(0.115243349,0.551169758) -> (0.119026671,0.55653058) : 0.006561397554741513
(0.117795157,0.545250018) -> (0.108731802,0.541950883) : 0.009645138444016717
(0.108731802,0.541950883) -> (0.098508638,0.546416785) : 0.011156046021978389
(0.098508638,0.546416785) -> (0.096766079,0.543355788) : 0.0035222456618598263
(0.096766079,0.543355788) -> (0.093633799,0.532185052) : 0.011601574064759276
(0.093633799,0.532185052) -> (0.098016943,0.527421205) : 0.00647349902017022
(0.093633799,0.532185052) -> (0.0857257,0.52174504) : 0.013097017994717157
(0.0857257,0.52174504) -> (0.087264524,0.51636247) : 0.0055982174937988715
(0.119026671,0.55653058) -> (0.115162538,0.5691943) : 0.013240140787774508
(0.115162538,0.5691943) -> (0.111900505,0.576495022) : 0.007996336724674162
(0.111900505,0.576495022) -> (0.106891359,0.574671473) : 0.005330748034255328
(0.111900505,0.576495022) -> (0.110617772,0.584334002) : 0.007943236833287048
(0.110617772,0.584334002) -> (0.099471541,0.587206881) : 0.011510512553922266
(0.098016943,0.527421205) -> (0.108537173,0.516321149) : 0.01529334765367071
(0.108537173,0.516321149) -> (0.106986967,0.510113251) : 0.0063985260975352645
(0.125119367,0.544274631) -> (0.124229308,0.528508593) : 0.0157911417966189
(0.099471541,0.587206881) -> (0.092738048,0.603718867) : 0.017832151010050527
(0.110617772,0.584334002) -> (0.122024646,0.608066244) : 0.026331275791317832
(0.150935644,0.536043104) -> (0.159657543,0.50265812) : 0.03450548766278282
(0.159657543,0.50265812) -> (0.146186004,0.481034323) : 0.025476871074088556
(0.096766079,0.543355788) -> (0.055578635,0.560844248) : 0.04474652809352629
(0.055578635,0.560844248) -> (0.037715985,0.529539437) : 0.036042550641820895
(0.055578635,0.560844248) -> (0.042935694,0.59664867) : 0.03797104939139245
(0.037715985,0.529539437) -> (0.0,0.559617674) : 0.04824101849617599
(0.146186004,0.481034323) -> (0.142426584,0.40614048) : 0.07498813878237706
(0.142426584,0.40614048) -> (0.157242318,0.39002974) : 0.02188748311949906
(0.157242318,0.39002974) -> (0.162751126,0.392028359) : 0.005860157292089092
(0.157242318,0.39002974) -> (0.162548529,0.372057392) : 0.018739294752194546
(0.162548529,0.372057392) -> (0.155284643,0.351843938) : 0.02147900748244924
(0.155284643,0.351843938) -> (0.144402471,0.356545803) : 0.011854501335602802
(0.155284643,0.351843938) -> (0.166940779,0.347057256) : 0.01260070756027695
(0.166940779,0.347057256) -> (0.168042541,0.335485274) : 0.011624312750135705
(0.168042541,0.335485274) -> (0.161866757,0.334681694) : 0.0062278446376781045
(0.161866757,0.334681694) -> (0.161874725,0.33368456) : 0.000997165835245026
(0.161866757,0.334681694) -> (0.152249107,0.339006236) : 0.010545181602621382
(0.161874725,0.33368456) -> (0.156189498,0.323832825) : 0.011374466517237388
(0.156189498,0.323832825) -> (0.153440785,0.325734666) : 0.003342517366544284
(0.153440785,0.325734666) -> (0.151461484,0.325388877) : 0.0020092790948800384
(0.156189498,0.323832825) -> (0.157112565,0.317518363) : 0.006381573711548944
(0.157112565,0.317518363) -> (0.157108012,0.315058692) : 0.002459675213935827
(0.157108012,0.315058692) -> (0.154796362,0.315655668) : 0.0023874894904639945
(0.157108012,0.315058692) -> (0.163828986,0.315253334) : 0.00672379186299221
(0.157108012,0.315058692) -> (0.154210197,0.305915934) : 0.009591003890145625
(0.154210197,0.305915934) -> (0.149498118,0.305118879) : 0.004779015084226644
(0.163828986,0.315253334) -> (0.165791214,0.305482066) : 0.009966344217003943
(0.154210197,0.305915934) -> (0.157365242,0.295816275) : 0.01058099337814298
(0.157365242,0.295816275) -> (0.149191947,0.289812806) : 0.010141222371636786
(0.168042541,0.335485274) -> (0.175870966,0.326166359) : 0.012170719566149311
(0.144402471,0.356545803) -> (0.134495722,0.347847787) : 0.013183290867050473
(0.149191947,0.289812806) -> (0.152210409,0.27662714) : 0.01352674760276836
(0.175870966,0.326166359) -> (0.188816665,0.330953041) : 0.013802298618988252
(0.152210409,0.27662714) -> (0.141361245,0.265318306) : 0.01567144173132937
(0.188816665,0.330953041) -> (0.199005683,0.316598433) : 0.01760314911139446
(0.199005683,0.316598433) -> (0.189403967,0.309123728) : 0.012168161939326787
(0.189403967,0.309123728) -> (0.189706724,0.298596726) : 0.010531354751837635
(0.189706724,0.298596726) -> (0.193731341,0.295257358) : 0.00522961954984421
(0.149498118,0.305118879) -> (0.133653466,0.315694814) : 0.019050023572828697
(0.133653466,0.315694814) -> (0.124100693,0.308072224) : 0.012221266313178384
(0.133653466,0.315694814) -> (0.123800212,0.325008291) : 0.013558298868886359
(0.123800212,0.325008291) -> (0.110961503,0.336753168) : 0.01740041909069462
(0.157365242,0.295816275) -> (0.171475302,0.281978176) : 0.019763268381960537
(0.110961503,0.336753168) -> (0.108459776,0.357430937) : 0.020828556570244867
(0.124100693,0.308072224) -> (0.107057534,0.291125283) : 0.024034726500560846
(0.171475302,0.281978176) -> (0.190305409,0.238194501) : 0.04766112804096307
(0.162751126,0.392028359) -> (0.2151474,0.387367814) : 0.05260313877308179
(0.110961503,0.336753168) -> (0.056688364,0.335958288) : 0.054278959561949246
(0.431456886,0.61263436) -> (0.432371986,0.725018078) : 0.11238744360253732
(0.432371986,0.725018078) -> (0.445375731,0.746437445) : 0.025057666824860516
(0.445375731,0.746437445) -> (0.446373918,0.746309134) : 0.0010064000197187823
(0.445375731,0.746437445) -> (0.442336782,0.760490847) : 0.014378223770626414
(0.442336782,0.760490847) -> (0.429749611,0.768785442) : 0.015074388213034237
(0.429749611,0.768785442) -> (0.424485513,0.759093553) : 0.011029208500247153
(0.429749611,0.768785442) -> (0.438827762,0.783371664) : 0.01718053252411248
(0.438827762,0.783371664) -> (0.435944743,0.785963997) : 0.0038771109008190166
(0.435944743,0.785963997) -> (0.433131154,0.796993372) : 0.011382591794119044
(0.433131154,0.796993372) -> (0.43215004,0.797639281) : 0.001174641697402694
(0.43215004,0.797639281) -> (0.4270248,0.800604588) : 0.005921244013030467
(0.4270248,0.800604588) -> (0.419711971,0.804430018) : 0.008252962054204576
(0.433131154,0.796993372) -> (0.441889476,0.801072165) : 0.0096615090225354
(0.441889476,0.801072165) -> (0.439985295,0.80989523) : 0.009026205253315779
(0.439985295,0.80989523) -> (0.448391918,0.809546179) : 0.008413866344596281
(0.448391918,0.809546179) -> (0.458964503,0.805148782) : 0.011450618060080216
(0.458964503,0.805148782) -> (0.461790613,0.808148885) : 0.004121591408995982
(0.458964503,0.805148782) -> (0.466778133,0.799026788) : 0.00992630970265054
(0.439985295,0.80989523) -> (0.427572266,0.817978872) : 0.014813121107282067
(0.427572266,0.817978872) -> (0.429436611,0.827291262) : 0.009497177990915316
(0.427572266,0.817978872) -> (0.414069996,0.823641988) : 0.01464179558600501
(0.429436611,0.827291262) -> (0.438546631,0.83895676) : 0.01480122657040296
(0.438546631,0.83895676) -> (0.445165167,0.837804129) : 0.006718152797120372
(0.438827762,0.783371664) -> (0.454063486,0.78185802) : 0.015310728394263682
(0.454063486,0.78185802) -> (0.454027064,0.788508484) : 0.006650563733803235
(0.435944743,0.785963997) -> (0.420057979,0.784875521) : 0.015924008615743456
(0.454063486,0.78185802) -> (0.461183961,0.765939748) : 0.0174382495592766
(0.466778133,0.799026788) -> (0.484538347,0.809821288) : 0.020783320994869764
(0.484538347,0.809821288) -> (0.503028137,0.809066641) : 0.01850518376938503
(0.503028137,0.809066641) -> (0.497724202,0.826251719) : 0.017984955722778695
(0.497724202,0.826251719) -> (0.503675763,0.82741305) : 0.006063808046787302
(0.503675763,0.82741305) -> (0.515101987,0.824805493) : 0.011719980734046604
(0.515101987,0.824805493) -> (0.529045872,0.832572705) : 0.01596125030021677
(0.414069996,0.823641988) -> (0.394303164,0.832090993) : 0.021496821458212134
(0.419711971,0.804430018) -> (0.39868517,0.799383451) : 0.02162392653472288
(0.39868517,0.799383451) -> (0.394632099,0.803089269) : 0.0054918550217722345
(0.394632099,0.803089269) -> (0.393114901,0.803615565) : 0.0016058883058357367
(0.503028137,0.809066641) -> (0.498774746,0.783009564) : 0.026401943049382037
(0.438546631,0.83895676) -> (0.436048318,0.871882867) : 0.033020752414525886
(0.424485513,0.759093553) -> (0.393672611,0.735322166) : 0.03891675435548773
(0.394303164,0.832090993) -> (0.33398058,0.886560429) : 0.08127566424579466
(0.33398058,0.886560429) -> (0.299948896,0.881729164) : 0.0343729055707556
(0.299948896,0.881729164) -> (0.26153179,0.89011945) : 0.039322651647327074
(0.26153179,0.89011945) -> (0.249478427,0.897091781) : 0.013924688836140247
(0.249478427,0.897091781) -> (0.234941549,0.904019529) : 0.016103245459794403
(0.234941549,0.904019529) -> (0.232604858,0.90867355) : 0.005207690111548697
(0.249478427,0.897091781) -> (0.24512829,0.878490923) : 0.019102764466299976
(0.24512829,0.878490923) -> (0.243145575,0.878940014) : 0.002032939127840771
(0.243145575,0.878940014) -> (0.237656116,0.87468724) : 0.006944079982816813
(0.237656116,0.87468724) -> (0.23970257,0.870645419) : 0.00453037426380609
(0.23970257,0.870645419) -> (0.242639083,0.86787258) : 0.004038780102839242
(0.242639083,0.86787258) -> (0.242178119,0.863711146) : 0.004186886760548005
(0.242178119,0.863711146) -> (0.241407569,0.861358039) : 0.002476057320812487
(0.241407569,0.861358039) -> (0.239166486,0.858631957) : 0.003529019139026168
(0.242178119,0.863711146) -> (0.248141062,0.863227259) : 0.005982544262269857
(0.237656116,0.87468724) -> (0.232932655,0.881271374) : 0.008103203338709782
(0.232932655,0.881271374) -> (0.225661939,0.877751499) : 0.008077922453717936
(0.225661939,0.877751499) -> (0.224320021,0.874171818) : 0.003822938657693241
(0.224320021,0.874171818) -> (0.213800929,0.879562) : 0.011819702132354596
(0.239166486,0.858631957) -> (0.245958026,0.848041886) : 0.012580724118930528
(0.245958026,0.848041886) -> (0.238065862,0.841833988) : 0.010041127933718402
(0.245958026,0.848041886) -> (0.252463883,0.838185802) : 0.011809681076113094
(0.252463883,0.838185802) -> (0.243455161,0.830133694) : 0.012082777632520926
(0.252463883,0.838185802) -> (0.265518847,0.836788508) : 0.013129528383142025
(0.265518847,0.836788508) -> (0.266641095,0.828739663) : 0.008126705753718995
(0.266641095,0.828739663) -> (0.260960422,0.818837909) : 0.011415549833864572
(0.260960422,0.818837909) -> (0.256376957,0.816025923) : 0.005377305707361356
(0.224320021,0.874171818) -> (0.224551072,0.860868714) : 0.01330511031894953
(0.224551072,0.860868714) -> (0.224077588,0.855177326) : 0.005711049331322592
(0.224077588,0.855177326) -> (0.223852227,0.854616234) : 0.0006046584265393039
(0.213800929,0.879562) -> (0.20106238,0.869360127) : 0.016320197404857857
(0.266641095,0.828739663) -> (0.282361685,0.820799556) : 0.017611991628420358
(0.282361685,0.820799556) -> (0.303847174,0.840720503) : 0.02929966496303212
(0.256376957,0.816025923) -> (0.241767235,0.788785768) : 0.030910678111961715
(0.241767235,0.788785768) -> (0.265146661,0.779216754) : 0.02526189994877013
(0.265146661,0.779216754) -> (0.252104217,0.760975822) : 0.022424026081900618
(0.33398058,0.886560429) -> (0.364265365,0.91270341) : 0.040007794966263575
(0.232604858,0.90867355) -> (0.25521601,0.942187933) : 0.040428678714964104
(0.25521601,0.942187933) -> (0.267708712,0.977700936) : 0.03764626123984703
(0.299948896,0.881729164) -> (0.30167552,0.924346072) : 0.04265187074347192
(0.20106238,0.869360127) -> (0.150153712,0.878897606) : 0.05179436246552
(0.150153712,0.878897606) -> (0.11642706,0.860677334) : 0.03833360623373552
(0.529045872,0.832572705) -> (0.648510744,0.842163467) : 0.11984923177775078
(0.648510744,0.842163467) -> (0.66316827,0.84786138) : 0.01572607010655383
(0.66316827,0.84786138) -> (0.68010444,0.87274299) : 0.030098643997047456
(0.68010444,0.87274299) -> (0.670211349,0.902197067) : 0.031071142583693503
(0.68010444,0.87274299) -> (0.714656274,0.862305154) : 0.036094011319420416
(0.714656274,0.862305154) -> (0.714437743,0.858888581) : 0.0034235547114497616
(0.714437743,0.858888581) -> (0.720539544,0.856893224) : 0.006419768298081334
(0.720539544,0.856893224) -> (0.71991582,0.848544259) : 0.008372230777958864
(0.714656274,0.862305154) -> (0.724482212,0.874874271) : 0.015954051514882807
(0.724482212,0.874874271) -> (0.724655216,0.879617457) : 0.004746340044140551
(0.724655216,0.879617457) -> (0.728684385,0.880110044) : 0.004059167991489085
(0.728684385,0.880110044) -> (0.731247574,0.879492407) : 0.0026365533018488166
(0.731247574,0.879492407) -> (0.731430822,0.8799241) : 0.0004689761995592296
(0.728684385,0.880110044) -> (0.730222071,0.883794114) : 0.003992098445616739
(0.730222071,0.883794114) -> (0.728589916,0.884599868) : 0.0018202113757861075
(0.730222071,0.883794114) -> (0.731987393,0.88564811) : 0.002560012291318176
(0.731430822,0.8799241) -> (0.738396504,0.877962452) : 0.007236628261906807
(0.738396504,0.877962452) -> (0.741424072,0.877588391) : 0.003050588406577532
(0.741424072,0.877588391) -> (0.738916654,0.865402035) : 0.012441640470028836
(0.738916654,0.865402035) -> (0.738665116,0.856742077) : 0.008663610328679806
(0.731987393,0.88564811) -> (0.736136072,0.899142595) : 0.014117813671396395
(0.736136072,0.899142595) -> (0.74291054,0.899761318) : 0.0068026638042573764
(0.736136072,0.899142595) -> (0.729548266,0.903425816) : 0.007857809493012458
(0.729548266,0.903425816) -> (0.730059311,0.905365716) : 0.002006085492202405
(0.738665116,0.856742077) -> (0.738156348,0.840155062) : 0.01659481580157039
(0.730059311,0.905365716) -> (0.736645978,0.921121967) : 0.01707757675268625
(0.71991582,0.848544259) -> (0.707193206,0.835999065) : 0.017867478823007755
(0.707193206,0.835999065) -> (0.69865683,0.829974936) : 0.01044795891176915
(0.738665116,0.856742077) -> (0.757255066,0.858163293) : 0.01864419737937675
(0.757255066,0.858163293) -> (0.765687867,0.863814448) : 0.01015124059116051
(0.757255066,0.858163293) -> (0.765113084,0.849823028) : 0.01145899066927579
(0.729548266,0.903425816) -> (0.711355542,0.907776455) : 0.018705701436954953
(0.711355542,0.907776455) -> (0.699504776,0.923632746) : 0.01979552017663172
(0.765687867,0.863814448) -> (0.76569242,0.886375573) : 0.022561125459414414
(0.76569242,0.886375573) -> (0.769869553,0.892433411) : 0.0073583857831682154
(0.769869553,0.892433411) -> (0.771961534,0.903052842) : 0.010823525269898125
(0.707193206,0.835999065) -> (0.719540219,0.816274935) : 0.02326993842447947
(0.719540219,0.816274935) -> (0.709196408,0.79461743) : 0.024000873918021196
(0.771961534,0.903052842) -> (0.796580442,0.900223458) : 0.024780961339946433
(0.796580442,0.900223458) -> (0.80209494,0.920843596) : 0.021344783421975648
(0.765113084,0.849823028) -> (0.800658553,0.829608486) : 0.04089141810575567
(0.670211349,0.902197067) -> (0.65296787,0.950616277) : 0.05139802977787704
(0.80209494,0.920843596) -> (0.76989004,0.972383609) : 0.0607744068177565
(0.76989004,0.972383609) -> (0.731023352,1.0) : 0.047678973226719434
(0.800658553,0.829608486) -> (0.854236262,0.770121842) : 0.08005767743365669
(0.854236262,0.770121842) -> (0.860632853,0.750386838) : 0.020745764852164388
(0.860632853,0.750386838) -> (0.876790505,0.762081695) : 0.019945911821813343
(0.876790505,0.762081695) -> (0.892619222,0.75752119) : 0.01647259808655314
(0.892619222,0.75752119) -> (0.901457216,0.759251225) : 0.009005729234507352
(0.892619222,0.75752119) -> (0.88920581,0.74803808) : 0.010078727933317887
(0.88920581,0.74803808) -> (0.883311158,0.746187346) : 0.006178360505818628
(0.883311158,0.746187346) -> (0.883329369,0.73923785) : 0.0069495198607197155
(0.883329369,0.73923785) -> (0.888298678,0.736083337) : 0.005885998998016342
(0.888298678,0.736083337) -> (0.887267483,0.731265121) : 0.004927328743922078
(0.887267483,0.731265121) -> (0.89035879,0.7308704) : 0.0031164055634800686
(0.89035879,0.7308704) -> (0.895029894,0.726658946) : 0.006289320899185569
(0.895029894,0.726658946) -> (0.901732657,0.720852295) : 0.008868158076510067
(0.901457216,0.759251225) -> (0.8999514,0.769690149) : 0.010546971892616018
(0.895029894,0.726658946) -> (0.901153321,0.736120309) : 0.011270037623810233
(0.901153321,0.736120309) -> (0.900767477,0.740475297) : 0.004372047126058915
(0.900767477,0.740475297) -> (0.902838971,0.742788171) : 0.003104911195495274
(0.902838971,0.742788171) -> (0.911634853,0.743399283) : 0.008817085574863643
(0.911634853,0.743399283) -> (0.914628275,0.739497736) : 0.004917585206510696
(0.914628275,0.739497736) -> (0.919278893,0.737033714) : 0.005263045905025746
(0.919278893,0.737033714) -> (0.924283485,0.738243977) : 0.005148852067755822
(0.914628275,0.739497736) -> (0.91099747,0.733239818) : 0.007234934874810468
(0.924283485,0.738243977) -> (0.932242802,0.727508196) : 0.013364419956977118
(0.932242802,0.727508196) -> (0.945519712,0.727084115) : 0.013283681110394827
(0.8999514,0.769690149) -> (0.89321563,0.782630065) : 0.01458807813181554
(0.887267483,0.731265121) -> (0.878375994,0.718883035) : 0.015243839094811973
(0.878375994,0.718883035) -> (0.871805261,0.722265899) : 0.007390419541527097
(0.945519712,0.727084115) -> (0.962976031,0.729898275) : 0.01768170154525183
(0.945519712,0.727084115) -> (0.953967309,0.711301766) : 0.017900961846566067
(0.962976031,0.729898275) -> (0.954039015,0.747882584) : 0.020082470594818096
(0.871805261,0.722265899) -> (0.858406566,0.707134896) : 0.020210697154948304
(0.89321563,0.782630065) -> (0.909776199,0.796252861) : 0.021443717412365223
(0.909776199,0.796252861) -> (0.911396972,0.795617827) : 0.0017407392965878656
(0.953967309,0.711301766) -> (0.959149458,0.690464152) : 0.021472326969175788
(0.909776199,0.796252861) -> (0.898296481,0.814545988) : 0.021596815061430928
(0.858406566,0.707134896) -> (0.846481818,0.72698625) : 0.02315763093446342
(0.911396972,0.795617827) -> (0.929237998,0.773599308) : 0.02833932581565831
(0.959149458,0.690464152) -> (0.904426737,0.647929885) : 0.06930901862579734
(0.904426737,0.647929885) -> (0.927517064,0.611900374) : 0.042793561009409536
(0.927517064,0.611900374) -> (0.945005253,0.596932479) : 0.023019005956616503
(0.945005253,0.596932479) -> (0.944148201,0.594807723) : 0.0022910971586208207
(0.944148201,0.594807723) -> (0.934734285,0.581970021) : 0.015919434886196796
(0.934734285,0.581970021) -> (0.928627931,0.571515873) : 0.012106889343643163
(0.928627931,0.571515873) -> (0.916772613,0.567144574) : 0.012635537971472514
(0.934734285,0.581970021) -> (0.945765559,0.574728017) : 0.013196045922892672
(0.945765559,0.574728017) -> (0.955042892,0.570124017) : 0.010356916703000388
(0.955042892,0.570124017) -> (0.958512076,0.576005698) : 0.006828572985010586
(0.955042892,0.570124017) -> (0.95413576,0.560508245) : 0.009658465697066463
(0.95413576,0.560508245) -> (0.953932025,0.555682417) : 0.004830126689416002
(0.953932025,0.555682417) -> (0.95943059,0.552353923) : 0.006427525913386987
(0.95943059,0.552353923) -> (0.956523669,0.548818825) : 0.0045768010192540325
(0.956523669,0.548818825) -> (0.951474687,0.54046986) : 0.0097569173311835
(0.951474687,0.54046986) -> (0.946987968,0.539101926) : 0.004690617316869688
(0.951474687,0.54046986) -> (0.953770403,0.535110125) : 0.005830700748870651
(0.953770403,0.535110125) -> (0.953656585,0.528260669) : 0.0068504015964802895
(0.946987968,0.539101926) -> (0.939544249,0.535438516) : 0.008296356150688074
(0.953656585,0.528260669) -> (0.944874362,0.525083321) : 0.009339324447455114
(0.956523669,0.548818825) -> (0.965042972,0.542742501) : 0.010464236090550798
(0.958512076,0.576005698) -> (0.964790295,0.586830645) : 0.01251381282282786
(0.944874362,0.525083321) -> (0.935024522,0.516261343) : 0.013222958967571636
(0.939544249,0.535438516) -> (0.93064593,0.545485981) : 0.013421312676187316
(0.93064593,0.545485981) -> (0.925098424,0.549435374) : 0.0068097377253815376
(0.935024522,0.516261343) -> (0.921118197,0.520449961) : 0.014523442971814508
(0.921118197,0.520449961) -> (0.919254991,0.511103862) : 0.009530010656669589
(0.921118197,0.520449961) -> (0.920294152,0.530265812) : 0.009850379739696678
(0.920294152,0.530265812) -> (0.909460922,0.535974599) : 0.01224537142124605
(0.909460922,0.535974599) -> (0.910737964,0.546911546) : 0.011011250880375656
(0.919254991,0.511103862) -> (0.91805876,0.495478097) : 0.015671486861194326
(0.91805876,0.495478097) -> (0.912432719,0.493235903) : 0.006056382688314602
(0.91805876,0.495478097) -> (0.933794146,0.486170057) : 0.0182822859952085
(0.933794146,0.486170057) -> (0.946813826,0.478755158) : 0.014983083610612338
(0.916772613,0.567144574) -> (0.896889686,0.564750145) : 0.020026584240038836
(0.896889686,0.564750145) -> (0.888684522,0.54774666) : 0.018879703875117254
(0.888684522,0.54774666) -> (0.881001784,0.541922611) : 0.009640747374091188
(0.965042972,0.542742501) -> (0.985034026,0.551178457) : 0.021698101153438582
(0.964790295,0.586830645) -> (0.98906661,0.586242368) : 0.02428344167962917
(0.98906661,0.586242368) -> (0.984857608,0.601826812) : 0.016142818608444458
(0.953656585,0.528260669) -> (0.976519276,0.51207055) : 0.028014685309595114
(0.976519276,0.51207055) -> (0.990743154,0.503513894) : 0.016599248996904067
(0.990743154,0.503513894) -> (0.994690374,0.522697592) : 0.019585576700306865
(0.912432719,0.493235903) -> (0.890522688,0.47558216) : 0.0281372368993654
(0.946813826,0.478755158) -> (0.959950739,0.447354657) : 0.034037772345154635
(0.959950739,0.447354657) -> (0.913199855,0.364316278) : 0.09529437308534593
(0.913199855,0.364316278) -> (0.903952114,0.351351351) : 0.01592513879746142
(0.903952114,0.351351351) -> (0.90919914,0.345325047) : 0.007990470683576296
(0.90919914,0.345325047) -> (0.897440567,0.327934452) : 0.0209927805078402
(0.897440567,0.327934452) -> (0.890927881,0.329762351) : 0.006764339856098076
(0.890927881,0.329762351) -> (0.889298003,0.33019187) : 0.0016855233211810169
(0.889298003,0.33019187) -> (0.884843153,0.320249882) : 0.010894439586993144
(0.884843153,0.320249882) -> (0.884190974,0.305651699) : 0.014612743902139997
(0.884190974,0.305651699) -> (0.885174364,0.300384392) : 0.005358318665808244
(0.885174364,0.300384392) -> (0.88414317,0.299248071) : 0.0015344661875313942
(0.88414317,0.299248071) -> (0.883064172,0.292971668) : 0.0063684748018982395
(0.883064172,0.292971668) -> (0.881846316,0.29125142) : 0.0021077064354981137
(0.881846316,0.29125142) -> (0.882251509,0.288765652) : 0.002518575771556826
(0.881846316,0.29125142) -> (0.878780049,0.291050254) : 0.0030728587788645704
(0.878780049,0.291050254) -> (0.878158601,0.291268819) : 0.0006587626855924393
(0.878158601,0.291268819) -> (0.876577665,0.291707036) : 0.0016405464867491246
(0.876577665,0.291707036) -> (0.876330679,0.291279692) : 0.0004935838110514023
(0.876330679,0.291279692) -> (0.876297671,0.290320616) : 0.000959643841141078
(0.876577665,0.291707036) -> (0.875961907,0.292462771) : 0.0009748298850512739
(0.876297671,0.290320616) -> (0.875094611,0.288884177) : 0.0018736889721405082
(0.878158601,0.291268819) -> (0.879073701,0.293143475) : 0.0020860832026398206
(0.879073701,0.293143475) -> (0.878517129,0.294349389) : 0.0013281569811509893
(0.875961907,0.292462771) -> (0.87600402,0.294821315) : 0.002358919944530722
(0.882251509,0.288765652) -> (0.87881078,0.287126958) : 0.0038110279554310804
(0.87881078,0.287126958) -> (0.879260363,0.28114415) : 0.005999676361167579
(0.884190974,0.305651699) -> (0.890600084,0.30663361) : 0.00648389082295661
(0.875094611,0.288884177) -> (0.86823478,0.28701387) : 0.0071102271147136945
(0.86823478,0.28701387) -> (0.867115946,0.283747356) : 0.0034528109174630484
(0.867115946,0.283747356) -> (0.871092759,0.281979264) : 0.004352147855649395
(0.867115946,0.283747356) -> (0.863762857,0.279357571) : 0.005523895200684537
(0.863762857,0.279357571) -> (0.86337246,0.270654118) : 0.008712204310093886
(0.86337246,0.270654118) -> (0.865179896,0.269067619) : 0.002404954047606117
(0.865179896,0.269067619) -> (0.873167667,0.27281802) : 0.008824397611692406
(0.865179896,0.269067619) -> (0.869170367,0.256795359) : 0.012904736506780791
(0.869170367,0.256795359) -> (0.856280439,0.255080548) : 0.013003492631247487
(0.856280439,0.255080548) -> (0.856265643,0.252968841) : 0.002111758834589091
(0.856265643,0.252968841) -> (0.840287824,0.207140877) : 0.04853342131338007
(0.840287824,0.207140877) -> (0.83503966,0.205754457) : 0.0054282028137585805
(0.83503966,0.205754457) -> (0.825897771,0.189047829) : 0.01904430501800224
(0.825897771,0.189047829) -> (0.86428756,0.12365993) : 0.07582448967911833
(0.86428756,0.12365993) -> (0.86540298,0.105931157) : 0.017763827117542246
(0.86428756,0.12365993) -> (0.882750033,0.127948588) : 0.018954036422796448
(0.882750033,0.127948588) -> (0.889242232,0.115272907) : 0.014241542636574237
(0.889242232,0.115272907) -> (0.906377583,0.113662486) : 0.017210860225173076
(0.906377583,0.113662486) -> (0.916436848,0.112054239) : 0.010187014810690797
(0.916436848,0.112054239) -> (0.919802457,0.112258668) : 0.0033718118507594062
(0.919802457,0.112258668) -> (0.922070856,0.108487606) : 0.004400743417997173
(0.916436848,0.112054239) -> (0.914802417,0.104979693) : 0.007260892906514816
(0.922070856,0.108487606) -> (0.930686905,0.115686115) : 0.011227414314679957
(0.930686905,0.115686115) -> (0.938272898,0.117100806) : 0.007716776556408189
(0.938272898,0.117100806) -> (0.943678131,0.120841421) : 0.006573335862597736
(0.930686905,0.115686115) -> (0.930930476,0.12604131) : 0.010358059196590146
(0.930930476,0.12604131) -> (0.92643579,0.131752271) : 0.007267549640843012
(0.943678131,0.120841421) -> (0.950548206,0.112320649) : 0.010945386515861813
(0.950548206,0.112320649) -> (0.947574133,0.107681852) : 0.005510312860132154
(0.947574133,0.107681852) -> (0.943717967,0.096993916) : 0.011362305758940492
(0.943717967,0.096993916) -> (0.947710715,0.093023863) : 0.005630573453416035
(0.947710715,0.093023863) -> (0.955405973,0.097015664) : 0.008668994803906847
(0.943717967,0.096993916) -> (0.934062757,0.10376943) : 0.011795366467740476
(0.947710715,0.093023863) -> (0.938681506,0.08446612) : 0.01244032075228491
(0.938681506,0.08446612) -> (0.932109634,0.081072382) : 0.00739641529371004
(0.932109634,0.081072382) -> (0.928723539,0.06918397) : 0.012361228872194254
(0.932109634,0.081072382) -> (0.923140749,0.090112925) : 0.012734689469244024
(0.923140749,0.090112925) -> (0.915040297,0.083486383) : 0.010465580800035307
(0.92643579,0.131752271) -> (0.929407587,0.14418329) : 0.012781307084471838
(0.929407587,0.14418329) -> (0.926193357,0.154186172) : 0.010506613288725548
(0.92643579,0.131752271) -> (0.913552692,0.132941874) : 0.0129379043656696
(0.913552692,0.132941874) -> (0.910096029,0.143255748) : 0.010877707294436875
(0.915040297,0.083486383) -> (0.902258497,0.089772573) : 0.014243967002071397
(0.902258497,0.089772573) -> (0.894807949,0.096847119) : 0.010274233139578839
(0.926193357,0.154186172) -> (0.942262231,0.164940438) : 0.019335535907407077
(0.942262231,0.164940438) -> (0.960607471,0.167281585) : 0.01849402065353044
(0.950548206,0.112320649) -> (0.970765758,0.112214085) : 0.020217832840312012
(0.970765758,0.112214085) -> (0.971919876,0.109467343) : 0.0029793589868439847
(0.971919876,0.109467343) -> (0.975038499,0.104275066) : 0.006056859735940553
(0.970765758,0.112214085) -> (0.971952884,0.131567415) : 0.01938970474836519
(0.943678131,0.120841421) -> (0.952538889,0.139439017) : 0.020600573033626546
(0.975038499,0.104275066) -> (0.983255045,0.082067342) : 0.023678991393855726
(0.983255045,0.082067342) -> (0.983382522,0.07868774) : 0.0033820053317422417
(0.971952884,0.131567415) -> (1.0,0.130523523) : 0.028066535704021595

Time: 26.583001375198364 seconds
Obj.:  9.618319515973399