Edge : Weight

(31.95,7.95) -> (31.15,7.3) : 1.0307764064044158
(31.15,7.3) -> (30.45,6.65) : 0.9552486587271392
(30.45,6.65) -> (29.7,6.0) : 0.9924716620639606 
(29.7,6.0) -> (28.9,5.55) : 0.9178779875342916  
(28.9,5.55) -> (28.05,5.0) : 1.0124228365658274 
(28.05,5.0) -> (27.2,4.55) : 0.9617692030835685 
(27.2,4.55) -> (26.35,4.15) : 0.9394147114027946
(26.35,4.15) -> (25.4,3.85) : 0.9962429422585666
(25.4,3.85) -> (24.6,3.6) : 0.8381527307120078
(24.6,3.6) -> (23.6,3.3) : 1.044030650891055
(23.6,3.3) -> (22.75,3.15) : 0.8631338250816047
(22.75,3.15) -> (21.85,3.05) : 0.9055385138137402
(21.85,3.05) -> (20.9,3.0) : 0.9513148795220252
(20.9,3.0) -> (20.0,2.9) : 0.9055385138137402
(20.0,2.9) -> (19.1,3.0) : 0.9055385138137402
(19.1,3.0) -> (18.2,3.2) : 0.9219544457292909
(18.2,3.2) -> (17.3,3.25) : 0.9013878188659958
(17.3,3.25) -> (16.55,3.5) : 0.7905694150420949
(16.55,3.5) -> (15.7,3.7) : 0.8732124598286504
(15.7,3.7) -> (14.85,4.1) : 0.9394147114027962
(14.85,4.1) -> (14.15,4.4) : 0.7615773105863904
(14.15,4.4) -> (13.4,4.75) : 0.8276472678623422
(13.4,4.75) -> (12.7,5.2) : 0.8321658488546629
(12.7,5.2) -> (12.05,5.65) : 0.7905694150420938
(12.05,5.65) -> (11.45,6.15) : 0.7810249675906665
(11.45,6.15) -> (10.9,6.65) : 0.7433034373659245
(10.9,6.65) -> (10.3,7.25) : 0.8485281374238566
(10.3,7.25) -> (9.7,7.85) : 0.8485281374238578
(9.7,7.85) -> (9.35,8.35) : 0.6103277807866849
(9.35,8.35) -> (8.9,9.05) : 0.8321658488546624
(8.9,9.05) -> (8.55,9.65) : 0.6946221994724898
(8.55,9.65) -> (8.15,10.35) : 0.8062257748298545
(8.15,10.35) -> (7.95,10.95) : 0.6324555320336757
(7.95,10.95) -> (7.75,11.7) : 0.7762087348130012
(7.75,11.7) -> (7.55,12.35) : 0.6800735254367726
(7.55,12.35) -> (7.45,13.0) : 0.6576473218982956
(7.45,13.0) -> (7.35,13.75) : 0.7566372975210779
(7.35,13.75) -> (7.3,14.35) : 0.6020797289396145
(7.3,14.35) -> (7.35,14.95) : 0.6020797289396145
(7.35,14.95) -> (7.35,15.75) : 0.8000000000000007
(7.35,15.75) -> (7.55,16.35) : 0.6324555320336773
(7.55,16.35) -> (7.7,16.95) : 0.6184658438426471
(7.7,16.95) -> (7.8,17.55) : 0.6082762530298234
(7.8,17.55) -> (8.05,18.15) : 0.6499999999999984
(8.05,18.15) -> (8.3,18.75) : 0.6500000000000014
(8.3,18.75) -> (8.65,19.3) : 0.6519202405202652
(8.65,19.3) -> (8.9,19.85) : 0.6041522986797292
(8.9,19.85) -> (9.3,20.3) : 0.6020797289396145
(9.3,20.3) -> (9.65,20.8) : 0.6103277807866849
(9.65,20.8) -> (10.2,21.25) : 0.7106335201775934
(10.2,21.25) -> (10.6,21.65) : 0.5656854249492372
(10.6,21.65) -> (11.1,22.15) : 0.7071067811865476
(11.1,22.15) -> (11.55,22.45) : 0.5408326913195997
(11.55,22.45) -> (11.95,22.7) : 0.471699056602829
(11.95,22.7) -> (12.55,23.0) : 0.6708203932499385
(12.55,23.0) -> (13.05,23.2) : 0.5385164807134502
(13.05,23.2) -> (13.45,23.4) : 0.4472135954999563
(13.45,23.4) -> (14.0,23.55) : 0.5700877125495702
(14.0,23.55) -> (14.55,23.6) : 0.5522680508593638
(14.55,23.6) -> (15.1,23.75) : 0.5700877125495676
(15.1,23.75) -> (15.7,23.75) : 0.5999999999999996
(15.7,23.75) -> (16.15,23.85) : 0.460977222864644
(16.15,23.85) -> (16.7,23.8) : 0.5522680508593638
(16.7,23.8) -> (17.15,23.75) : 0.4527692569068702
(17.15,23.75) -> (17.75,23.75) : 0.6000000000000014
(17.75,23.75) -> (18.2,23.6) : 0.4743416490252558
(18.2,23.6) -> (18.65,23.5) : 0.460977222864644
(18.65,23.5) -> (19.1,23.35) : 0.47434164902525916
(19.1,23.35) -> (19.6,23.15) : 0.5385164807134515
(19.6,23.15) -> (20.0,22.95) : 0.4472135954999563
(20.0,22.95) -> (20.4,22.7) : 0.471699056602829
(20.4,22.7) -> (20.7,22.55) : 0.33541019662496846
(20.7,22.55) -> (21.0,22.15) : 0.5000000000000021
(21.0,22.15) -> (21.45,21.95) : 0.4924428900898043
(21.45,21.95) -> (21.75,21.55) : 0.4999999999999993
(21.75,21.55) -> (22.0,21.25) : 0.39051248379533327
(22.0,21.25) -> (22.25,21.0) : 0.3535533905932738
(22.25,21.0) -> (22.5,20.7) : 0.39051248379533327
(22.5,20.7) -> (22.65,20.35) : 0.3807886552931929
(22.65,20.35) -> (22.75,20.05) : 0.31622776601683905
(22.75,20.05) -> (22.9,19.65) : 0.42720018726587805
(22.9,19.65) -> (23.0,19.35) : 0.31622776601683567
(23.0,19.35) -> (23.1,19.0) : 0.3640054944640277
(23.1,19.0) -> (23.15,18.65) : 0.3535533905932748
(23.15,18.65) -> (23.2,18.25) : 0.4031128874149261
(23.2,18.25) -> (23.2,18.05) : 0.1999999999999993
(23.2,18.05) -> (23.2,17.8) : 0.25
(23.2,17.8) -> (23.1,17.45) : 0.3640054944640267
(23.1,17.45) -> (23.05,17.15) : 0.3041381265149118
(23.05,17.15) -> (22.9,16.9) : 0.2915475947422661
(22.9,16.9) -> (22.85,16.6) : 0.3041381265149077
(22.85,16.6) -> (22.7,16.4) : 0.25000000000000355
(22.7,16.4) -> (22.6,16.2) : 0.22360679774997738
(22.6,16.2) -> (22.55,16.05) : 0.15811388300841783
(22.55,16.05) -> (22.4,15.95) : 0.18027756377320203
(22.4,15.95) -> (22.35,15.8) : 0.15811388300841672
(22.35,15.8) -> (22.2,15.65) : 0.21213203435596603
(22.2,15.65) -> (22.15,15.55) : 0.11180339887498948
(22.15,15.55) -> (22.0,15.4) : 0.2121320343559635
(22.0,15.4) -> (21.9,15.3) : 0.14142135623731025
(21.9,15.3) -> (21.85,15.25) : 0.07071067811865325
(21.85,15.25) -> (21.75,15.15) : 0.14142135623731025
(21.75,15.15) -> (21.65,15.05) : 0.14142135623731025
(21.65,15.05) -> (21.55,15.0) : 0.1118033988749879
(21.55,15.0) -> (21.5,14.9) : 0.11180339887498948
(21.5,14.9) -> (23.2,11.65) : 3.6677649870186606
(23.2,11.65) -> (23.55,11.85) : 0.40311288741492834
(23.2,11.65) -> (22.75,11.4) : 0.5147815070493493
(22.75,11.4) -> (22.3,11.3) : 0.4609772228646436
(22.3,11.3) -> (21.9,11.1) : 0.4472135954999603
(21.9,11.1) -> (21.45,11.05) : 0.45276925690687
(21.45,11.05) -> (21.1,11.0) : 0.3535533905932718
(21.1,11.0) -> (20.7,10.95) : 0.4031128874149297
(20.7,10.95) -> (20.35,10.95) : 0.34999999999999787
(20.35,10.95) -> (19.95,11.0) : 0.4031128874149297
(19.95,11.0) -> (19.55,11.0) : 0.3999999999999986
(19.55,11.0) -> (19.15,11.05) : 0.4031128874149297
(19.15,11.05) -> (18.85,11.1) : 0.304138126514908
(18.85,11.1) -> (18.45,11.25) : 0.42720018726587866
(18.45,11.25) -> (18.15,11.35) : 0.3162277660168385
(18.15,11.35) -> (17.85,11.5) : 0.3354101966249661
(17.85,11.5) -> (17.5,11.7) : 0.40311288741492834
(17.5,11.7) -> (17.2,11.95) : 0.39051248379533327
(17.2,11.95) -> (17.0,12.05) : 0.22360679774997896
(17.0,12.05) -> (16.75,12.2) : 0.29154759474226427
(16.75,12.2) -> (16.65,12.35) : 0.18027756377320053
(16.65,12.35) -> (16.5,12.5) : 0.2121320343559635
(16.5,12.5) -> (16.35,12.7) : 0.24999999999999858
(16.35,12.7) -> (16.2,12.8) : 0.18027756377320203
(16.2,12.8) -> (16.15,12.95) : 0.15811388300841783
(16.15,12.95) -> (16.0,13.1) : 0.2121320343559635
(16.0,13.1) -> (15.95,13.25) : 0.15811388300841953
(15.95,13.25) -> (15.9,13.4) : 0.15811388300841897
(15.9,13.4) -> (15.8,13.5) : 0.141421356237309
(15.8,13.5) -> (15.8,13.65) : 0.15000000000000036
(15.8,13.65) -> (15.75,13.85) : 0.2061552812808825
(15.75,13.85) -> (15.65,14.05) : 0.22360679774997974
(15.65,14.05) -> (15.65,14.25) : 0.1999999999999993
(15.65,14.25) -> (15.65,14.5) : 0.25
(15.65,14.5) -> (15.65,14.6) : 0.09999999999999964
(23.55,11.85) -> (24.05,12.2) : 0.6103277807866849
(24.05,12.2) -> (24.4,12.45) : 0.4301162633521296
(24.4,12.45) -> (24.8,12.7) : 0.471699056602832
(24.8,12.7) -> (25.05,12.95) : 0.3535533905932738
(25.05,12.95) -> (25.35,13.3) : 0.4609772228646459
(25.35,13.3) -> (25.75,13.7) : 0.565685424949236
(25.75,13.7) -> (25.95,14.1) : 0.4472135954999579
(25.95,14.1) -> (26.3,14.45) : 0.494974746830584
(26.3,14.45) -> (26.55,14.85) : 0.4716990566028305
(26.55,14.85) -> (26.75,15.35) : 0.5385164807134502
(26.75,15.35) -> (27.0,15.9) : 0.6041522986797292
(27.0,15.9) -> (27.0,16.4) : 0.4999999999999982
(27.0,16.4) -> (27.15,16.9) : 0.5220153254455271
(27.15,16.9) -> (27.3,17.4) : 0.5220153254455281
(27.3,17.4) -> (27.4,18.0) : 0.608276253029823
(27.4,18.0) -> (27.35,18.45) : 0.4527692569068698
(27.35,18.45) -> (27.35,19.1) : 0.6500000000000021
(27.35,19.1) -> (27.15,19.6) : 0.5385164807134515
(27.15,19.6) -> (27.15,20.15) : 0.5499999999999972
(27.15,20.15) -> (27.0,20.7) : 0.5700877125495692
(27.0,20.7) -> (26.75,21.25) : 0.6041522986797292
(26.75,21.25) -> (26.6,21.8) : 0.5700877125495692
(26.6,21.8) -> (26.2,22.3) : 0.6403124237432862
(26.2,22.3) -> (26.05,23.0) : 0.7158910531638166
(26.05,23.0) -> (25.65,23.45) : 0.6020797289396156
(25.65,23.45) -> (25.25,23.95) : 0.640312423743284
(25.25,23.95) -> (24.75,24.35) : 0.6403124237432862
(24.75,24.35) -> (24.3,24.85) : 0.672681202353685
(24.3,24.85) -> (23.8,25.3) : 0.672681202353685
(23.8,25.3) -> (23.35,25.65) : 0.5700877125495671
(23.35,25.65) -> (22.7,26.15) : 0.8200609733428379
(22.7,26.15) -> (22.05,26.5) : 0.7382411530116695
(22.05,26.5) -> (21.45,26.8) : 0.6708203932499385
(21.45,26.8) -> (20.7,27.1) : 0.8077747210701759
(20.7,27.1) -> (20.1,27.35) : 0.649999999999998
(20.1,27.35) -> (19.35,27.6) : 0.7905694150420949
(19.35,27.6) -> (18.55,27.7) : 0.8062257748298554
(18.55,27.7) -> (17.9,27.75) : 0.651920240520267
(17.9,27.75) -> (17.1,27.75) : 0.7999999999999972
(17.1,27.75) -> (16.4,27.75) : 0.7000000000000028
(16.4,27.75) -> (15.55,27.75) : 0.8499999999999979
(15.55,27.75) -> (14.7,27.75) : 0.8500000000000014
(14.7,27.75) -> (14.05,27.6) : 0.667083203206315
(14.05,27.6) -> (13.3,27.6) : 0.75
(13.3,27.6) -> (12.45,27.25) : 0.9192388155425136
(12.45,27.25) -> (11.7,27.0) : 0.7905694150420949
(11.7,27.0) -> (10.9,26.75) : 0.8381527307120096
(10.9,26.75) -> (10.2,26.35) : 0.8062257748298551
(10.2,26.35) -> (9.5,26.0) : 0.7826237921249264
(9.5,26.0) -> (8.8,25.45) : 0.8902246907382426
(8.8,25.45) -> (8.05,24.95) : 0.9013878188659973
(8.05,24.95) -> (7.35,24.45) : 0.8602325267042635
(7.35,24.45) -> (6.8,23.85) : 0.8139410298049836
(6.8,23.85) -> (6.2,23.3) : 0.8139410298049855
(6.2,23.3) -> (5.6,22.5) : 1.0000000000000009
(5.6,22.5) -> (5.15,21.8) : 0.8321658488546609
(5.15,21.8) -> (4.7,21.1) : 0.8321658488546614
(4.7,21.1) -> (4.35,20.25) : 0.9192388155425133
(4.35,20.25) -> (3.95,19.55) : 0.8062257748298541
(3.95,19.55) -> (3.7,18.7) : 0.8860022573334688
(3.7,18.7) -> (3.45,17.75) : 0.9823441352194243
(3.45,17.75) -> (3.2,16.85) : 0.9340770846134688
(3.2,16.85) -> (3.1,16.0) : 0.8558621384311859
(3.1,16.0) -> (3.0,15.1) : 0.905538513813742
(3.0,15.1) -> (3.05,14.15) : 0.9513148795220217
(3.05,14.15) -> (3.1,13.25) : 0.9013878188659977
(3.1,13.25) -> (3.1,12.35) : 0.9000000000000004
(3.1,12.35) -> (3.35,11.4) : 0.9823441352194243
(3.35,11.4) -> (3.55,10.65) : 0.7762087348130011
(3.55,10.65) -> (3.9,9.6) : 1.1067971810589334
(21.0,22.15) -> (18.2,19.55) : 3.8209946349085593
(18.2,19.55) -> (18.0,19.6) : 0.2061552812808825
(18.0,19.6) -> (17.8,19.7) : 0.22360679774997738
(17.8,19.7) -> (17.65,19.75) : 0.15811388300842122
(17.65,19.75) -> (17.4,19.8) : 0.25495097567963937
(17.4,19.8) -> (17.2,19.9) : 0.22360679774997738
(17.2,19.9) -> (16.85,19.9) : 0.34999999999999787
(16.85,19.9) -> (16.55,19.9) : 0.3000000000000007
(16.55,19.9) -> (16.2,19.9) : 0.3500000000000014
(16.2,19.9) -> (15.95,19.9) : 0.25
(15.95,19.9) -> (15.55,19.85) : 0.40311288741492574
(15.55,19.85) -> (15.25,19.7) : 0.33541019662497007
(15.25,19.7) -> (15.0,19.7) : 0.25
(15.0,19.7) -> (14.85,19.55) : 0.2121320343559635
(14.85,19.55) -> (14.45,19.5) : 0.4031128874149279
(14.45,19.5) -> (14.15,19.25) : 0.3905124837953319
(14.15,19.25) -> (13.8,19.05) : 0.40311288741492685
(13.8,19.05) -> (13.55,18.85) : 0.320156211871642
(13.55,18.85) -> (13.3,18.6) : 0.3535533905932738
(13.3,18.6) -> (13.1,18.4) : 0.2828427124746218
(13.1,18.4) -> (12.8,18.05) : 0.46097722286464204
(12.8,18.05) -> (12.55,17.85) : 0.320156211871642
(12.55,17.85) -> (12.3,17.6) : 0.3535533905932738
(12.3,17.6) -> (12.15,17.2) : 0.42720018726587866
(12.15,17.2) -> (12.0,16.75) : 0.47434164902525633
(12.0,16.75) -> (11.85,16.5) : 0.2915475947422652
(11.85,16.5) -> (11.8,16.05) : 0.45276925690687
(11.8,16.05) -> (11.65,15.7) : 0.38078865529319683
(11.65,15.7) -> (11.6,15.25) : 0.4527692569068702
(11.6,15.25) -> (11.55,14.7) : 0.5522680508593636
(11.55,14.7) -> (11.55,14.35) : 0.34999999999999964
(11.55,14.35) -> (11.55,14.0) : 0.34999999999999964
(11.55,14.0) -> (11.55,13.6) : 0.40000000000000036
(11.55,13.6) -> (11.75,13.05) : 0.58523499553598
(11.75,13.05) -> (11.8,12.65) : 0.4031128874149279
(11.8,12.65) -> (11.95,12.2) : 0.47434164902525744
(11.95,12.2) -> (12.2,11.75) : 0.5147815070493493
(12.2,11.75) -> (12.35,11.4) : 0.3807886552931952
(12.35,11.4) -> (12.65,10.9) : 0.5830951894845304
(12.65,10.9) -> (12.95,10.55) : 0.4609772228646434
(12.95,10.55) -> (13.25,10.1) : 0.5408326913195997
(13.25,10.1) -> (13.6,9.65) : 0.5700877125495681
(13.6,9.65) -> (13.95,9.3) : 0.49497474683058273
(13.95,9.3) -> (14.45,8.9) : 0.6403124237432851
(14.45,8.9) -> (14.9,8.7) : 0.49244289008980663
(14.9,8.7) -> (15.4,8.35) : 0.6103277807866849
(15.4,8.35) -> (15.8,8.05) : 0.4999999999999996
(15.8,8.05) -> (16.35,7.8) : 0.6041522986797296
(16.35,7.8) -> (16.9,7.6) : 0.5852349955359787
(16.9,7.6) -> (17.5,7.35) : 0.6500000000000014
(17.5,7.35) -> (18.05,7.25) : 0.5590169943749481
(18.05,7.25) -> (18.75,7.1) : 0.715891053163817
(18.75,7.1) -> (19.25,7.05) : 0.5024937810560445
(19.25,7.05) -> (19.9,6.95) : 0.6576473218982938
(19.9,6.95) -> (20.5,7.0) : 0.6020797289396161
(20.5,7.0) -> (21.25,7.05) : 0.7516648189186453
(21.25,7.05) -> (21.9,7.1) : 0.6519202405202634
(21.9,7.1) -> (22.5,7.3) : 0.6324555320336773
(22.5,7.3) -> (23.15,7.4) : 0.657647321898294
(23.15,7.4) -> (23.9,7.65) : 0.7905694150420949
(23.9,7.65) -> (24.5,7.75) : 0.6082762530298234
(24.5,7.75) -> (25.15,8.05) : 0.7158910531638167
(25.15,8.05) -> (25.7,8.4) : 0.6519202405202652
(25.7,8.4) -> (26.25,8.8) : 0.6800735254367729
(26.25,8.8) -> (26.9,9.1) : 0.715891053163816
(26.9,9.1) -> (27.55,9.65) : 0.8514693182963221
(27.55,9.65) -> (28.0,10.1) : 0.6363961030678917
(28.0,10.1) -> (28.5,10.6) : 0.7071067811865476
(28.5,10.6) -> (29.0,11.15) : 0.7433034373659257
(29.0,11.15) -> (29.5,11.75) : 0.7810249675906652
(29.5,11.75) -> (29.9,12.3) : 0.6800735254367719
(29.9,12.3) -> (30.3,13.0) : 0.8062257748298554
(30.3,13.0) -> (30.6,13.65) : 0.7158910531638183
(30.6,13.65) -> (30.9,14.35) : 0.761577310586389
(30.9,14.35) -> (31.15,15.05) : 0.7433034373659263
(31.15,15.05) -> (31.3,15.8) : 0.7648529270389182
(31.3,15.8) -> (31.45,16.55) : 0.7648529270389174
(31.45,16.55) -> (31.6,17.35) : 0.8139410298049864
(31.6,17.35) -> (31.65,18.15) : 0.8015609770940668
(31.65,18.15) -> (31.55,18.9) : 0.7566372975210776
(31.55,18.9) -> (31.5,19.7) : 0.8015609770940706
(31.5,19.7) -> (31.35,20.55) : 0.8631338250816045
(31.35,20.55) -> (31.25,21.3) : 0.756637297521078
(31.25,21.3) -> (30.9,22.1) : 0.8732124598286503
(30.9,22.1) -> (30.6,22.9) : 0.8544003745317494
(30.6,22.9) -> (30.4,23.7) : 0.8246211251235335
(30.4,23.7) -> (29.95,24.45) : 0.8746427842267946
(29.95,24.45) -> (29.5,25.15) : 0.8321658488546609
(29.5,25.15) -> (28.95,25.85) : 0.8902246907382455
(28.95,25.85) -> (28.3,26.6) : 0.9924716620639594
(28.3,26.6) -> (27.75,27.35) : 0.9300537618869141
(27.75,27.35) -> (27.15,27.9) : 0.8139410298049844
(27.15,27.9) -> (26.35,28.5) : 0.9999999999999986
(26.35,28.5) -> (25.6,29.05) : 0.9300537618869141
(25.6,29.05) -> (24.9,29.65) : 0.9219544457292895
(24.9,29.65) -> (23.95,30.05) : 1.0307764064044154
(23.95,30.05) -> (23.2,30.45) : 0.8499999999999993
(23.2,30.45) -> (22.25,30.9) : 1.051189802081431
(22.25,30.9) -> (21.35,31.1) : 0.921954445729288
(21.35,31.1) -> (20.35,31.45) : 1.0594810050208538
(20.35,31.45) -> (19.35,31.65) : 1.0198039027185568

Time: 3.181000232696533 seconds
Obj.:  188.62384057880865